"","V1","V2","V3","V4"
"1",0,5,0,5
"2",1,53.5243112075497,0.000426781701620849,37.0052626136547
"3",2,42.8894945233963,0.000980301176448937,29.6436687092662
"4",3,34.0797984062192,0.00165069396058481,23.5546658499917
"5",4,27.0775682446611,0.00242871956661348,18.714996645513
"6",5,21.5140453870398,0.0033057339741873,14.869707800999
"7",6,17.0936152613823,0.00427365133952703,11.814480886619
"8",7,13.5814496251941,0.00532490932045962,9.38701142155048
"9",8,10.7909204633675,0.006452435000842,7.45830910081815
"10",9,8.57374132436087,0.00764961424178336,5.92588394934335
"11",10,6.81212215850633,0.00891026322432332,4.70832398464344
"12",11,5.41246016685253,0.0102286008531212,3.74093451002663
"13",12,4.30038162349846,0.0115992237371676,2.97231130862686
"14",13,3.41679749573476,0.0130170824819719,2.36161431641131
"15",14,2.71475894864507,0.0144774595098339,1.87639433317451
"16",15,2.15696691185711,0.0159759484386593,1.49087171547606
"17",16,1.71378245230044,0.0175084344378996,1.18456121009275
"18",17,1.36165962138639,0.0190710762143271,0.941188778290371
"19",18,1.08188583590894,0.0206602886034878,0.747821042542297
"20",19,0.859592757767077,0.0222727266048782,0.594181609220059
"21",20,0.682975108861206,0.0239052710904258,0.472111135711916
"22",21,0.542646656153362,0.0255550137297437,0.375122257028791
"23",22,0.431150971697103,0.0272192442483207,0.298061386835518
"24",23,0.342563326993028,0.0288954379412411,0.236833604379128
"25",24,0.272178153773447,0.0305812442234918,0.188186602240383
"26",25,0.216254698837079,0.0322744752874253,0.149534940458072
"27",26,0.17182271427464,0.0339730972154349,0.118825704206959
"28",27,0.136518707533713,0.0356752172405659,0.0944253497565676
"29",28,0.10846837351323,0.0373790782956992,0.0750384337111352
"30",29,0.0861829932781873,0.0390830508948519,0.0596360184524618
"31",30,0.0684755962344616,0.0407856187784666,0.0473977204436314
"32",31,0.0544064145972746,0.0424853793944073,0.0376739903632081
"33",32,0.0432269864653112,0.044181033731567,0.0299475900579625
"34",33,0.0343456071775331,0.0458713791953967,0.0238094896939243
"35",34,0.0272886491821564,0.0475553017764628,0.0189323608847944
"36",35,0.0216816339616044,0.0492317769958325,0.0150573900320858
"37",36,0.0172271040495103,0.0508998573944907,0.0119789760355587
"38",37,0.0136880123110342,0.0525586689106203,0.00953328161781887
"39",38,0.0108755351259455,0.0542074078850581,0.00758981193579767
"40",39,0.00864114959340169,0.0558453379707566,0.00604590398677356
"41",40,0.00686601525789549,0.0574717816342122,0.00481941890401238
"42",41,0.00545530709539594,0.059086118945745,0.00384482615396979
"43",42,0.00433441837429127,0.0606877843393053,0.00307055551621799
"44",43,0.0034441109190139,0.0622762628161784,0.00245566033745277
"45",44,0.00273636756912276,0.0638510830603507,0.00196696171099205
"46",45,0.00217429325533013,0.0654118226427903,0.00157895179717121
"47",46,0.0017276300709131,0.0669580947042708,0.00127072032290988
"48",47,0.00137231997939216,0.0684895533306677,0.00102564709448734
"49",48,0.00109066557178366,0.0700058875906815,0.000831472067130481
"50",49,0.000866607327168449,0.0715068214019737,0.000677123816748571
"51",50,0.000688936012815011,0.0729921121409827,0.000554842771132335
"52",51,0.000547733325196546,0.0744615413706037,0.000457781916410894
"53",52,0.000435589308832515,0.0759149168293685,0.000380811747322988
"54",53,0.000346459086966077,0.077352073527281,0.000319754626634944
"55",54,0.000275476850095062,0.0787728686938748,0.000271248240592146
"56",55,0.000218821028747514,0.0801771815981409,0.00023265112870114
"57",56,0.000173699308067854,0.0815649161322141,0.000202032738089553
"58",57,0.000137920039919821,0.0829359963509671,0.000177877759818635
"59",58,0.000109574673142657,0.084290361429036,0.000158866859303781
"60",59,0.0000870714049769646,0.0856279655884999,0.00014389961644368
"61",60,0.0000691780573333856,0.0869487786087541,0.000132123894757024
"62",61,0.0000549533001796182,0.0882527851802589,0.000122888625810311
"63",62,0.0000436512660065932,0.0895399835561042,0.000115678084074651
"64",63,0.0000346736368093576,0.0908103842754338,0.000110078450968456
"65",64,0.0000275455960334518,0.0920640092049035,0.000105761064064231
"66",65,0.0000218858620093426,0.0933008907705516,0.000102462024198791
"67",66,0.0000173868622780478,0.0945210712299204,0.0000999685602011651
"68",67,0.0000138097403834128,0.0957246019441752,0.0000981152713597119
"69",68,0.0000109703308419653,0.0969115426750676,0.00009677442196543
"70",69,0.00000871704483879063,0.0980819609303393,0.0000958409427324109
"71",70,0.00000692484697330757,0.0992359313593434,0.0000952282293302879
"72",71,0.00000550021573025205,0.100373535188798,0.0000948712990922573
"73",72,0.00000436922968118828,0.101494859702304,0.0000947187311547991
"74",73,0.00000347102712875236,0.102599997740429,0.0000947281996264924
"75",74,0.00000275729877177544,0.103689047236059,0.0000948660549418546
"76",75,0.00000219027872095152,0.104762110780713,0.0000951059229162446
"77",76,0.00000173993057588116,0.105819295219525,0.0000954267806733275
"78",77,0.00000138219615064888,0.106860711272233,0.0000958117502980883
"79",78,0.00000109798743791348,0.1078864731784,0.000096247395336367
"80",79,0.000000872211167761255,0.108896698365578,0.0000967230453470467
"81",80,0.000000692869105620619,0.109891507139164,0.0000972301762295928
"82",81,0.000000550405643236316,0.11087102239262,0.0000977619595882165
"83",82,0.000000437232125596457,0.111835369336755,0.0000983129331402432
"84",83,0.00000034732827206611,0.112784675246856,0.0000988787250343667
"85",84,0.000000275911198867008,0.11371906922655,0.0000994558252409296
"86",85,0.000000219179017545471,0.114638681987375,0.000100041408270998
"87",86,0.000000174111744742603,0.115543645643071,0.000100633195391029
"88",87,0.000000138311092502582,0.116434093517687,0.000101229343778662
"89",88,0.000000109871810793754,0.117310159966639,0.000101828357519988
"90",89,0.0000000872801740926213,0.118171980209904,0.000102429017342219
"91",90,0.0000000693337552892934,0.119019690176595,0.000103030325046515
"92",91,0.0000000550774479580041,0.119853426360209,0.000103631459177953
"93",92,0.0000000437525137282048,0.120673325683874,0.000104231739700821
"94",93,0.0000000347561960901702,0.121479525374976,0.000104830599973867
"95",94,0.0000000276096823735239,0.122272162848568,0.000105427564494053
"96",95,0.0000000219326225121703,0.123051375599019,0.000106022231172941
"97",96,0.0000000174228718681093,0.123817301099382,0.00010661425722426
"98",97,0.000000013840409177884,0.124570076707988,0.000107203347937159
"99",98,0.000000010994580992345,0.125309839581939,0.000107789247749112
"100",99,0.00000000873413656473289,0.126036726598501,0.00010837173325049
"101",100,0.00000000693959048740151,0.126750874284617,0.000108950607801943
"102",101,0.00000000551484058301103,0.127452418733176,0.000109525695612357
"103",102,0.00000000438261972046003,0.128141495540478,0.00011009683848666
"104",103,0.00000000348223806222851,0.128818239760594,0.000110663894175357
"105",104,0.00000000276654498635489,0.12948278585533,0.000111226734175855
"106",105,0.0000000021981368634425,0.130135267637249,0.000111785240998772
"107",106,0.0000000017467194179981,0.130775818218388,0.000112339306234115
"108",107,0.00000000138796668402671,0.131404569969662,0.000112888829661591
"109",108,0.00000000110276510705744,0.132021654485836,0.00011343371863183
"110",109,0.000000000876141305887608,0.132627202550998,0.000113973887227501
"111",110,0.000000000696154002224765,0.133221344104911,0.000114509255398268
"112",111,0.000000000553182473769652,0.133804208212797,0.000115039748371513
"113",112,0.000000000439556224996076,0.134375923039131,0.000115565296301847
"114",113,0.000000000349240659333016,0.134936615824218,0.000116085833961432
"115",114,0.000000000277479921330509,0.135486412862541,0.000116601300401727
"116",115,0.000000000220478641706669,0.136025439482943,0.000117111638643168
"117",116,0.000000000175193794978583,0.136553820030985,0.000117616795442588
"118",117,0.000000000139205295022494,0.137071677853483,0.000118116721116916
"119",118,0.000000000110603910414444,0.137579135284866,0.000118611369380529
"120",119,0.0000000000878793332485584,0.138076313635086,0.000119100697184184
"121",120,0.0000000000698268997513421,0.138563333179031,0.000119584664568349
"122",121,0.0000000000554839569626712,0.139040313147418,0.000120063234538617
"123",122,0.0000000000440858964713354,0.139507371719094,0.000120536372956348
"124",123,0.0000000000350282412145228,0.139964626014601,0.000121004048435077
"125",124,0.0000000000278317625870136,0.140412192090905,0.000121466232240561
"126",125,0.0000000000221144669313508,0.140850184937198,0.000121922898197112
"127",126,0.0000000000175717809660095,0.141278718471746,0.000122374022601134
"128",127,0.0000000000139619330473903,0.141697905539684,0.000122819584139801
"129",128,0.0000000000110934735350065,0.1421078579117,0.000123259563812714
"130",129,0.00000000000881441904578466,0.142508686283538,0.000123693944856181
"131",130,0.00000000000700371523356483,0.142900500276259,0.000124122712670582
"132",131,0.00000000000556498677643743,0.143283408437217,0.000124545854750767
"133",132,0.0000000000044217371529383,0.143657518241691,0.000124963360618916
"134",133,0.00000000000351331820458008,0.144022936095124,0.000125375221759352
"135",134,0.00000000000279155210695354,0.14437976733593,0.00012578143155521
"136",135,0.0000000000022180914514837,0.144728116238821,0.000126181985227008
"137",136,0.00000000000176243365744449,0.145068086018618,0.000126576879773038
"138",137,0.00000000000140036509528913,0.1453997788345,0.000126966113911396
"139",138,0.00000000000111267331234514,0.145723295794678,0.000127349688023529
"140",139,0.000000000000884091288018421,0.146038736961431,0.000127727604099248
"141",140,0.000000000000702473357958232,0.146346201356504,0.000128099865683179
"142",141,0.000000000000558163819561027,0.146645786966814,0.000128466477822612
"143",142,0.000000000000443496554259125,0.146937590750459,0.000128827447016688
"144",143,0.000000000000352385447395233,0.147221708642983,0.000129182781166856
"145",144,0.000000000000279993531503885,0.1474982355639,0.000129532489528593
"146",145,0.000000000000222474336401934,0.147767265423424,0.00012987658266434
"147",146,0.000000000000176770926381681,0.148028891129416,0.00013021507239764
"148",147,0.000000000000140455790998721,0.148283204594509,0.000130547971768433
"149",148,0.000000000000111601040678813,0.148530296743391,0.000130875294989483
"150",149,0.0000000000000886744524877577,0.148770257520249,0.000131197057403913
"151",150,0.0000000000000704579204612311,0.149003175896338,0.000131513275443826
"152",151,0.0000000000000559835228161457,0.149229139877672,0.00013182396658998
"153",152,0.0000000000000444825106441654,0.149448236512815,0.000132129149332509
"154",153,0.0000000000000353442244205797,0.149660551900775,0.000132428843132643
"155",154,0.0000000000000280833428543487,0.149866171198963,0.000132723068385432
"156",155,0.0000000000000223141144829967,0.150065178631237,0.00013301184638343
"157",156,0.0000000000000177300420975408,0.150257657495993,0.000133295199281336
"158",157,0.000000000000014087666890282,0.150443690174312,0.000133573150061556
"159",158,0.000000000000011193569695711,0.150623358138148,0.000133845722500679
"160",159,0.00000000000000889403701239403,0.15079674195854,0.000134112941136836
"161",160,0.0000000000000070669084408507,0.150963921313859,0.000134374831237931
"162",161,0.00000000000000561512506307157,0.151124974998069,0.000134631418770721
"163",162,0.00000000000000446158264029677,0.151279980928989,0.000134882730370728
"164",163,0.00000000000000354502002939002,0.151429016156575,0.00013512879331296
"165",164,0.00000000000000281675425752318,0.151572156871188,0.00013536963548343
"166",165,0.00000000000000223809892863144,0.151709478411859,0.000135605285351453
"167",166,0.00000000000000177831703585414,0.151841055274545,0.000135835771942695
"168",167,0.00000000000000141298921181145,0.151966961120363,0.000136061124812971
"169",168,0.00000000000000112271293140704,0.152087268783804,0.000136281374022769
"170",169,0.000000000000000892069989348955,0.152202050280926,0.000136496550112473
"171",170,0.000000000000000708808812663946,0.152311376817515,0.000136706684078293
"172",171,0.000000000000000563195271382228,0.152415318797215,0.000136911807348856
"173",172,0.000000000000000447495598698338,0.152513945829619,0.000137111951762468
"174",173,0.00000000000000035556476541444,0.152607326738329,0.00013730714954502
"175",174,0.000000000000000282519782293165,0.152695529568971,0.000137497433288521
"176",175,0.000000000000000224480671437744,0.152778621597166,0.000137682835930249
"177",176,0.000000000000000178364676348894,0.152856669336454,0.000137863390732501
"178",177,0.000000000000000141722464722748,0.15292973854618,0.00013803913126293
"179",178,0.000000000000000112607853527536,0.152997894239319,0.000138210091375462
"180",179,0.0000000000000000894743962676369,0.153061200690254,0.000138376305191755
"181",180,0.0000000000000000710933229092604,0.153119721442506,0.000138537807083226
"182",181,0.0000000000000000564883285933607,0.153173519316403,0.00013869463165359
"183",182,0.0000000000000000448836971094795,0.153222656416696,0.000138846813721934
"184",183,0.0000000000000000356630614231569,0.153267194140123,0.000138994388306289
"185",184,0.0000000000000000283366614542535,0.153307193182908,0.000139137390607698
"186",185,0.000000000000000022515349205461,0.153342713548207,0.000139275855994772
"187",186,0.0000000000000000178899288563324,0.153373814553492,0.000139409819988714
"188",187,0.0000000000000000142147277528503,0.153400554837876,0.000139539318248794
"189",188,0.0000000000000000112945400337677,0.153422992369379,0.00013966438655829
"190",189,0.00000000000000000897425863757035,0.153441184452129,0.000139785060810847
"191",190,0.00000000000000000713064097132212,0.153455187733506,0.000139901376997272
"192",191,0.00000000000000000566576440055452,0.153465058211219,0.000140013371192746
"193",192,0.00000000000000000450182351805687,0.153470851240325,0.000140121079544433
"194",193,0.00000000000000000357699610214515,0.153472621540185,0.000140224538259494
"195",194,0.00000000000000000284215972320159,0.153470423201352,0.000140323783593472
"196",195,0.0000000000000000022582834977714,0.153464309692404,0.000140418851839067
"197",196,0.0000000000000000017943551837165,0.153454333866708,0.000140509779315269
"198",197,0.00000000000000000142573358774277,0.153440547969124,0.000140596602356846
"199",198,0.00000000000000000113283948781658,0.153423003642642,0.000140679357304181
"200",199,0.000000000000000000900115789655926,0.153401751934963,0.000140758080493451
"201",200,0.000000000000000000715201401148705,0.153376843305011,0.00014083280824713
"202",201,0.000000000000000000568274695967627,0.153348327629384,0.000140903576864816
"203",202,0.000000000000000000451531749608382,0.153316254208742,0.00014097042261437
"204",203,0.000000000000000000358771790073401,0.153280671774132,0.000141033381723363
"205",204,0.000000000000000000285067876166338,0.153241628493253,0.000141092490370813
"206",205,0.00000000000000000022650524117823,0.15319917197666,0.000141147784679217
"207",206,0.000000000000000000179973359726452,0.153153349283898,0.000141199300706863
"208",207,0.000000000000000000143000713103108,0.153104206929583,0.000141247074440416
"209",208,0.000000000000000000113623508081578,0.153051790889419,0.000141291141787767
"210",209,0.000000000000000000090281378414897,0.152996146606155,0.000141331538571153
"211",210,0.0000000000000000000717345134899381,0.152937318995477,0.000141368300520515
"212",211,0.0000000000000000000569978048590506,0.152875352451846,0.000141401463267114
"213",212,0.0000000000000000000452885182054089,0.152810290854273,0.00014143106233738
"214",213,0.0000000000000000000359847176238795,0.152742177572033,0.000141457133147
"215",214,0.0000000000000000000285922335962157,0.152671055470323,0.000141479710995227
"216",215,0.0000000000000000000227184166467525,0.152596966915859,0.000141498831059412
"217",216,0.000000000000000000018051281385725,0.152519953782419,0.000141514528389754
"218",217,0.0000000000000000000143429345990091,0.152440057456317,0.000141526837904257
"219",218,0.0000000000000000000113964083889522,0.152357318841838,0.000141535794383886
"220",219,0.00000000000000000000905519873228577,0.152271778366596,0.000141541432467928
"221",220,0.00000000000000000000719495304144971,0.15218347598685,0.000141543786649544
"222",221,0.00000000000000000000571686506771201,0.152092451192758,0.000141542891271502
"223",222,0.00000000000000000000454242666014528,0.151998743013573,0.000141538780522099
"224",223,0.00000000000000000000360925783676004,0.151902390022792,0.000141531488431258
"225",224,0.00000000000000000000286779358888156,0.151803430343241,0.000141521048866795
"226",225,0.00000000000000000000227865128697341,0.15170190165211,0.000141507495530855
"227",226,0.00000000000000000000181053884671234,0.151597841185938,0.00014149086195651
"228",227,0.00000000000000000000143859262511197,0.151491285745536,0.000141471181504516
"229",228,0.00000000000000000000114305680230178,0.151382271700865,0.000141448487360221
"230",229,0.000000000000000000000908234078523003,0.151270834995856,0.000141422812530624
"231",230,0.000000000000000000000721651921954163,0.151157011153184,0.000141394189841583
"232",231,0.000000000000000000000573400084664654,0.151040835278985,0.000141362651935151
"233",232,0.000000000000000000000455604216481725,0.150922342067523,0.000141328231267066
"234",233,0.000000000000000000000362007623834555,0.150801565805811,0.000141290960104359
"235",234,0.000000000000000000000287638951823983,0.150678540378177,0.0001412508705231
"236",235,0.000000000000000000000228548132670502,0.150553299270781,0.000141207994406263
"237",236,0.000000000000000000000181596576925892,0.150425875576088,0.000141162363441723
"238",237,0.000000000000000000000144290467186311,0.150296301997283,0.000141114009120353
"239",238,0.000000000000000000000114648300474651,0.150164610852649,0.000141062962734257
"240",239,0.0000000000000000000000910956421963056,0.150030834079889,0.000141009255375095
"241",240,0.0000000000000000000000723815005060098,0.149895003240406,0.000140952917932531
"242",241,0.0000000000000000000000575118797880104,0.149757149523528,0.000140893981092773
"243",242,0.0000000000000000000000456969847116546,0.149617303750703,0.000140832475337225
"244",243,0.0000000000000000000000363092706845868,0.149475496379627,0.000140768430941231
"245",244,0.0000000000000000000000288501121875531,0.149331757508345,0.000140701877972917
"246",245,0.0000000000000000000000229233184032511,0.149186116879299,0.000140632846292123
"247",246,0.0000000000000000000000182140895603913,0.149038603883328,0.000140561365549427
"248",247,0.0000000000000000000000144722964180319,0.148889247563634,0.000140487465185259
"249",248,0.0000000000000000000000114991947751579,0.148738076619695,0.000140411174429091
"250",249,0.00000000000000000000000913686926543287,0.148585119411141,0.000140332522298717
"251",250,0.00000000000000000000000725984571947014,0.148430403961586,0.000140251537599603
"252",251,0.00000000000000000000000576842662210348,0.148273957962412,0.000140168248924329
"253",252,0.00000000000000000000000458339570794301,0.148115808776525,0.000140082684652082
"254",253,0.00000000000000000000000364181042467482,0.147955983442053,0.000139994872948247
"255",254,0.00000000000000000000000289365876435104,0.147794508676014,0.000139904841764044
"256",255,0.00000000000000000000000229920288771362,0.147631410877943,0.000139812618836249
"257",256,0.00000000000000000000000182686845698832,0.147466716133474,0.000139718231686971
"258",257,0.0000000000000000000000014515675749156,0.147300450217887,0.000139621707623495
"259",258,0.00000000000000000000000115336625126244,0.14713263859961,0.000139523073738188
"260",259,0.000000000000000000000000916425616017881,0.146963306443692,0.000139422356908456
"261",260,0.000000000000000000000000728160641832451,0.146792478615226,0.000139319583796769
"262",261,0.000000000000000000000000578571693381786,0.146620179682746,0.00013921478085073
"263",262,0.000000000000000000000000459713400017369,0.146446433921573,0.000139107974303207
"264",263,0.000000000000000000000000365272640391427,0.146271265317137,0.000138999190172506
"265",264,0.000000000000000000000000290233223099316,0.146094697568254,0.000138888454262605
"266",265,0.00000000000000000000000023060945301169,0.14591675409037,0.000138775792163426
"267",266,0.000000000000000000000000183234432170236,0.145737458018765,0.000138661229251157
"268",267,0.000000000000000000000000145591851049716,0.145556832211728,0.000138544790688618
"269",268,0.000000000000000000000000115682335665975,0.145374899253691,0.000138426501425672
"270",269,0.0000000000000000000000000919172514604131,0.145191681458332,0.000138306386199673
"271",270,0.0000000000000000000000000730343234194286,0.145007200871641,0.000138184469535961
"272",271,0.0000000000000000000000000580305907043666,0.14482147927495,0.000138060775748383
"273",272,0.0000000000000000000000000461091347162472,0.14463453818794,0.000137935328939864
"274",273,0.0000000000000000000000000366367510338767,0.144446398871596,0.000137808153003009
"275",274,0.0000000000000000000000000291103169577698,0.144257082331149,0.000137679271620734
"276",275,0.0000000000000000000000000231300682932609,0.14406660931897,0.000137548708266936
"277",276,0.0000000000000000000000000183783659957259,0.143875000337443,0.000137416486207194
"278",277,0.0000000000000000000000000146028248763097,0.143682275641794,0.000137282628499497
"279",278,0.0000000000000000000000000116029082453695,0.143488455242902,0.000137147157995006
"280",279,0.00000000000000000000000000921927646791604,0.143293558910069,0.000137010097338838
"281",280,0.00000000000000000000000000732532368610935,0.143097606173761,0.000136871468970881
"282",281,0.00000000000000000000000000582045318804675,0.142900616328322,0.000136731295126638
"283",282,0.0000000000000000000000000046247342458726,0.142702608434654,0.000136589597838082
"284",283,0.00000000000000000000000000367465662082413,0.142503601322869,0.000136446398934555
"285",284,0.00000000000000000000000000291975723641601,0.14230361359491,0.000136301720043671
"286",285,0.00000000000000000000000000231993984736038,0.142102663627143,0.000136155582592249
"287",286,0.00000000000000000000000000184334533994878,0.141900769572922,0.000136008007807269
"288",287,0.00000000000000000000000000146465954541346,0.141697949365126,0.000135859016716843
"289",288,0.00000000000000000000000000116376868587641,0.141494220718661,0.000135708630151204
"290",289,0.000000000000000000000000000924691037225628,0.14128960113294,0.000135556868743717
"291",290,0.000000000000000000000000000734728064718977,0.141084107894337,0.000135403752931907
"292",291,0.000000000000000000000000000583789944274888,0.140877758078609,0.000135249302958495
"293",292,0.000000000000000000000000000463859644669309,0.140670568553291,0.000135093538872462
"294",293,0.000000000000000000000000000368567105442451,0.140462555980067,0.000134936480530119
"295",294,0.000000000000000000000000000292850893101473,0.140253736817113,0.000134778147596192
"296",295,0.000000000000000000000000000232689364639106,0.140044127321414,0.000134618559544921
"297",296,0.000000000000000000000000000184887059223359,0.139833743551058,0.000134457735661174
"298",297,0.000000000000000000000000000146904972303839,0.139622601367495,0.000134295695041565
"299",298,0.000000000000000000000000000116725697179465,0.139410716437784,0.000134132456595594
"300",299,0.0000000000000000000000000000927462710652778,0.139198104236804,0.000133968039046788
"301",300,0.0000000000000000000000000000736930342203565,0.138984780049445,0.000133802460933854
"302",301,0.0000000000000000000000000000585539799092102,0.138770758972775,0.000133635740611843
"303",302,0.0000000000000000000000000000465250019820793,0.13855605591818,0.000133467896253326
"304",303,0.0000000000000000000000000000369671850277842,0.138340685613484,0.000133298945849563
"305",304,0.0000000000000000000000000000293728685796436,0.138124662605038,0.0001331289072117
"306",305,0.0000000000000000000000000000233386828874478,0.137908001259798,0.000132957797971958
"307",306,0.0000000000000000000000000000185441240593674,0.137690715767364,0.00013278563558483
"308",307,0.0000000000000000000000000000147345305981816,0.137472820142008,0.00013261243732829
"309",308,0.0000000000000000000000000000117075571352387,0.13725432822468,0.000132438220305005
"310",309,0.00000000000000000000000000000930242691901659,0.137035253684976,0.000132263001443543
"311",310,0.00000000000000000000000000000739139220800072,0.136815610023108,0.0001320867974996
"312",311,0.00000000000000000000000000000587294898933542,0.136595410571828,0.000131909625057218
"313",312,0.0000000000000000000000000000046664456249271,0.136374668498349,0.000131731500530015
"314",313,0.00000000000000000000000000000370779906481603,0.136153396806233,0.000131552440162411
"315",314,0.00000000000000000000000000000294609109590126,0.135931608337261,0.000131372460030865
"316",315,0.00000000000000000000000000000234086383691543,0.135709315773286,0.000131191576045101
"317",316,0.00000000000000000000000000000185997083070257,0.13548653163806,0.000131009803949353
"318",317,0.00000000000000000000000000000147786959518776,0.135263268299041,0.000130827159323594
"319",318,0.00000000000000000000000000000117426494239949,0.135039537969184,0.00013064365758478
"320",319,0.000000000000000000000000000000933031005876598,0.134815352708708,0.000130459313988085
"321",320,0.000000000000000000000000000000741354720298252,0.134590724426841,0.000130274143628141
"322",321,0.000000000000000000000000000000589055259520837,0.134365664883554,0.000130088161440277
"323",322,0.000000000000000000000000000000468043285174983,0.134140185691267,0.000129901382201758
"324",323,0.000000000000000000000000000000371891283978402,0.133914298316539,0.000129713820533023
"325",324,0.00000000000000000000000000000029549217236965,0.133688014081739,0.000129525490898919
"326",325,0.000000000000000000000000000000234788035357342,0.133461344166699,0.000129336407609941
"327",326,0.000000000000000000000000000000186554591632059,0.133234299610349,0.000129146584823465
"328",327,0.000000000000000000000000000000148229936870456,0.133006891312328,0.000128956036544976
"329",328,0.00000000000000000000000000000011777846898544,0.132779130034585,0.000128764776629306
"330",329,0.000000000000000000000000000000093582767755586,0.132551026402957,0.000128572818781854
"331",330,0.0000000000000000000000000000000743576860544999,0.13232259090873,0.000128380176559818
"332",331,0.0000000000000000000000000000000590820896622196,0.132093833910184,0.000128186863373416
"333",332,0.0000000000000000000000000000000469446200395925,0.131864765634118,0.000127992892487101
"334",333,0.0000000000000000000000000000000373005992723355,0.131635396177363,0.000127798277020786
"335",334,0.0000000000000000000000000000000296377882045516,0.131405735508267,0.00012760302995105
"336",335,0.0000000000000000000000000000000235491790157216,0.131175793468179,0.000127407164112352
"337",336,0.00000000000000000000000000000001871137712729,0.130945579772905,0.000127210692198234
"338",337,0.0000000000000000000000000000000148674242004693,0.130715104014148,0.000127013626762525
"339",338,0.0000000000000000000000000000000118131498741696,0.130484375660937,0.000126815980220539
"340",339,0.00000000000000000000000000000000938632731991764,0.130253404061037,0.000126617764850265
"341",340,0.00000000000000000000000000000000745805661445747,0.130022198442345,0.000126418992793559
"342",341,0.0000000000000000000000000000000059259182605315,0.129790767914266,0.00012621967605733
"343",342,0.00000000000000000000000000000000470853320721915,0.129559121469076,0.000126019826514716
"344",343,0.00000000000000000000000000000000374124042701593,0.129327267983276,0.000125819455906258
"345",344,0.00000000000000000000000000000000297266246551747,0.129095216218915,0.000125618575841075
"346",345,0.00000000000000000000000000000000236197654395173,0.128862974824918,0.000125417197798023
"347",346,0.00000000000000000000000000000000187674627001594,0.128630552338381,0.000125215333126859
"348",347,0.00000000000000000000000000000000149119878901322,0.128397957185863,0.000125012993049388
"349",348,0.00000000000000000000000000000000118485586671028,0.128165197684661,0.000124810188660619
"350",349,0.000000000000000000000000000000000941446194311246,0.127932282044065,0.000124606930929903
"351",350,0.000000000000000000000000000000000748041142965247,0.127699218366608,0.00012440323070207
"352",351,0.000000000000000000000000000000000594368063676763,0.127466014649295,0.000124199098698562
"353",352,0.00000000000000000000000000000000047226465875724,0.12723267878482,0.000123994545518556
"354",353,0.000000000000000000000000000000000375245443928198,0.12699921856277,0.000123789581640084
"355",354,0.000000000000000000000000000000000298157273846032,0.126765641670816,0.000123584217421146
"356",355,0.000000000000000000000000000000000236905634394057,0.126531955695889,0.000123378463100818
"357",356,0.000000000000000000000000000000000188237163842011,0.126298168125343,0.000123172328800349
"358",357,0.000000000000000000000000000000000149566851552153,0.126064286348107,0.000122965824524259
"359",358,0.000000000000000000000000000000000118840735945225,0.125830317655819,0.000122758960161424
"360",359,0.000000000000000000000000000000000094426808971631,0.125596269243955,0.000122551745486158
"361",360,0.0000000000000000000000000000000000750283325127999,0.125362148212938,0.00012234419015929
"362",361,0.0000000000000000000000000000000000596149625403737,0.125127961569237,0.000122136303729229
"363",362,0.0000000000000000000000000000000000473680227144051,0.124893716226456,0.000121928095633027
"364",363,0.0000000000000000000000000000000000376370206448261,0.124659419006407,0.000121719575197433
"365",364,0.0000000000000000000000000000000000299050971909856,0.124425076640173,0.000121510751639943
"366",365,0.0000000000000000000000000000000000237615736495652,0.12419069576916,0.00012130163406984
"367",366,0.0000000000000000000000000000000000188801386833104,0.123956282946133,0.000121092231489229
"368",367,0.000000000000000000000000000000000015001516396098,0.123721844636245,0.000120882552794064
"369",368,0.0000000000000000000000000000000000119196949745578,0.123487387218053,0.000120672606775169
"370",369,0.00000000000000000000000000000000000947098443484387,0.123252916984518,0.000120462402119254
"371",370,0.00000000000000000000000000000000000752532228018517,0.123018440144005,0.000120251947409918
"372",371,0.00000000000000000000000000000000000597936527192523,0.122783962821257,0.000120041251128654
"373",372,0.00000000000000000000000000000000000475100038562423,0.122549491058368,0.000119830321655836
"374",373,0.0000000000000000000000000000000000037749834033696,0.122315030815745,0.000119619167271712
"375",374,0.00000000000000000000000000000000000299947348748606,0.122080587973054,0.000119407796157376
"376",375,0.0000000000000000000000000000000000023832796706075,0.121846168330157,0.000119196216395748
"377",376,0.00000000000000000000000000000000000189367301028939,0.121611777608042,0.000118984435972528
"378",377,0.000000000000000000000000000000000001504648201436,0.121377421449738,0.000118772462777167
"379",378,0.00000000000000000000000000000000000119554231262907,0.121143105421222,0.000118560304603807
"380",379,0.000000000000000000000000000000000000949937280968629,0.120908835012316,0.000118347969152228
"381",380,0.000000000000000000000000000000000000754787871781523,0.120674615637572,0.00011813546402879
"382",381,0.000000000000000000000000000000000000599728785049433,0.120440452637147,0.000117922796747354
"383",382,0.000000000000000000000000000000000000476524105730443,0.120206351277673,0.00011770997473021
"384",383,0.000000000000000000000000000000000000378629855699663,0.119972316753111,0.000117497005308991
"385",384,0.000000000000000000000000000000000000300846412391657,0.119738354185597,0.000117283895725582
"386",385,0.000000000000000000000000000000000000239042332469216,0.11950446862628,0.000117070653133019
"387",386,0.00000000000000000000000000000000000018993491149874,0.11927066505615,0.000116857284596388
"388",387,0.000000000000000000000000000000000000150915824127848,0.119036948386858,0.000116643797093706
"389",388,0.000000000000000000000000000000000000119912583697593,0.118803323461522,0.000116430197516805
"390",389,0.0000000000000000000000000000000000000952784627598169,0.118569795055527,0.000116216492672206
"391",390,0.0000000000000000000000000000000000000757050276622131,0.118336367877322,0.000116002689281982
"392",391,0.0000000000000000000000000000000000000601526415028767,0.118103046569192,0.000115788793984618
"393",392,0.0000000000000000000000000000000000000477952441404319,0.11786983570804,0.000115574813335865
"394",393,0.0000000000000000000000000000000000000379764762672019,0.117636739806147,0.000115360753809583
"395",394,0.000000000000000000000000000000000000030174817089245,0.117403763311929,0.00011514662179858
"396",395,0.0000000000000000000000000000000000000239758839120035,0.117170910610684,0.000114932423615443
"397",396,0.0000000000000000000000000000000000000190504223326926,0.11693818602533,0.000114718165493362
"398",397,0.0000000000000000000000000000000000000151368179953633,0.116705593817138,0.000114503853586948
"399",398,0.0000000000000000000000000000000000000120272010259612,0.116473138186451,0.000114289493973044
"400",399,0.0000000000000000000000000000000000000095564050887836,0.116240823273399,0.000114075092651527
"401",400,0.00000000000000000000000000000000000000759319462806023,0.116008653158608,0.000113860655546107
"402",401,0.00000000000000000000000000000000000000603329433232949,0.115776631863893,0.000113646188505115
"403",402,0.00000000000000000000000000000000000000479385058378495,0.11554476335295,0.000113431697302287
"404",403,0.00000000000000000000000000000000000000380903071420058,0.115313051532039,0.000113217187637542
"405",404,0.00000000000000000000000000000000000000302652632328563,0.11508150025066,0.000113002665137748
"406",405,0.00000000000000000000000000000000000000240477493431377,0.114850113302216,0.000112788135357491
"407",406,0.00000000000000000000000000000000000000191075241613156,0.114618894424673,0.000112573603779825
"408",407,0.00000000000000000000000000000000000000151821891672971,0.114387847301216,0.000112359075817027
"409",408,0.00000000000000000000000000000000000000120632514168556,0.114156975560889,0.000112144556811338
"410",409,0.000000000000000000000000000000000000000958504950391002,0.113926282779233,0.000111930052035698
"411",410,0.000000000000000000000000000000000000000761595450659627,0.113695772478919,0.000111715566694481
"412",411,0.000000000000000000000000000000000000000605137855812671,0.113465448130366,0.000111501105924212
"413",412,0.000000000000000000000000000000000000000480821969485761,0.11323531315236,0.00011128667479429
"414",413,0.000000000000000000000000000000000000000382044792140279,0.113005370912664,0.000111072278307696
"415",414,0.000000000000000000000000000000000000000303559804801787,0.112775624728615,0.000110857921401697
"416",415,0.00000000000000000000000000000000000000024119830184065,0.112546077867724,0.000110643608948546
"417",416,0.000000000000000000000000000000000000000191647971472377,0.112316733548262,0.000110429345756171
"418",417,0.000000000000000000000000000000000000000152276963350025,0.112087594939842,0.000110215136568862
"419",418,0.000000000000000000000000000000000000000120994098653673,0.111858665163992,0.000110000986067948
"420",419,0.0000000000000000000000000000000000000000961377977794577,0.11162994729473,0.000109786898872474
"421",420,0.0000000000000000000000000000000000000000763878260570302,0.111401444359117,0.000109572879539863
"422",421,0.0000000000000000000000000000000000000000606951698967035,0.111173159337822,0.000109358932566579
"423",422,0.0000000000000000000000000000000000000000482263187597373,0.110945095165662,0.000109145062388781
"424",423,0.0000000000000000000000000000000000000000383189935059743,0.110717254732155,0.00010893127338297
"425",424,0.0000000000000000000000000000000000000000304469696438198,0.110489640882049,0.000108717569866634
"426",425,0.0000000000000000000000000000000000000000241921270804557,0.110262256415857,0.00010850395609888
"427",426,0.0000000000000000000000000000000000000000192222418034865,0.11003510409038,0.000108290436281069
"428",427,0.0000000000000000000000000000000000000000152733399061139,0.109808186619228,0.000108077014557437
"429",428,0.0000000000000000000000000000000000000000121356766953884,0.109581506673333,0.000107863695015714
"430",429,0.00000000000000000000000000000000000000000964259616824475,0.109355066881453,0.000107650481687739
"431",430,0.00000000000000000000000000000000000000000766167912986514,0.109128869830678,0.000107437378550062
"432",431,0.00000000000000000000000000000000000000000608770978943699,0.108902918066921,0.000107224389524551
"433",432,0.00000000000000000000000000000000000000000483708725623168,0.108677214095413,0.000107011518478983
"434",433,0.00000000000000000000000000000000000000000384338510436168,0.108451760381184,0.000106798769227633
"435",434,0.00000000000000000000000000000000000000000305382315388229,0.108226559349545,0.000106586145531862
"436",435,0.00000000000000000000000000000000000000000242646406799155,0.108001613386558,0.000106373651100694
"437",436,0.00000000000000000000000000000000000000000192798586446275,0.107776924839507,0.000106161289591386
"438",437,0.00000000000000000000000000000000000000000153191202894875,0.107552496017362,0.000105949064609997
"439",438,0.00000000000000000000000000000000000000000121720522317824,0.107328329191234,0.000105736979711952
"440",439,0.000000000000000000000000000000000000000000967149893293227,0.107104426594828,0.000105525038402594
"441",440,0.000000000000000000000000000000000000000000768464428418023,0.10688079042489,0.00010531324413774
"442",441,0.000000000000000000000000000000000000000000610595712039019,0.106657422841654,0.000105101600324222
"443",442,0.000000000000000000000000000000000000000000485158596511677,0.106434325969271,0.000104890110320429
"444",443,0.000000000000000000000000000000000000000000385490528558017,0.106211501896249,0.000104678777436842
"445",444,0.000000000000000000000000000000000000000000306297669826743,0.105988952675875,0.000104467604936564
"446",445,0.000000000000000000000000000000000000000000243373716319913,0.10576668032664,0.000104256596035845
"447",446,0.000000000000000000000000000000000000000000193376481867686,0.105544686832658,0.000104045753904598
"448",447,0.000000000000000000000000000000000000000000153650378952051,0.105322974144075,0.000103835081666919
"449",448,0.000000000000000000000000000000000000000000122085368003863,0.10510154417748,0.00010362458240159
"450",449,0.0000000000000000000000000000000000000000000970048833090734,0.104880398816309,0.000103414259142587
"451",450,0.0000000000000000000000000000000000000000000770767827436064,0.104659539911243,0.000103204114879579
"452",451,0.00000000000000000000000000000000000000000006124259145982,0.104438969280602,0.000102994152558418
"453",452,0.0000000000000000000000000000000000000000000486612813250244,0.104218688710735,0.000102784375081634
"454",453,0.0000000000000000000000000000000000000000000386645999744592,0.103998699956407,0.000102574785308915
"455",454,0.0000000000000000000000000000000000000000000307215767953106,0.10377900474118,0.000102365386057589
"456",455,0.0000000000000000000000000000000000000000000244103205881769,0.103559604757788,0.000102156180103096
"457",456,0.0000000000000000000000000000000000000000000193956109475646,0.103340501668509,0.000101947170179461
"458",457,0.0000000000000000000000000000000000000000000154110931345775,0.103121697105539,0.000101738358979757
"459",458,0.0000000000000000000000000000000000000000000122451307280136,0.102903192671348,0.000101529749156566
"460",459,0.000000000000000000000000000000000000000000009729564621845,0.102684989939047,0.000101321343322433
"461",460,0.00000000000000000000000000000000000000000000773078130673532,0.102467090452737,0.000101113144050323
"462",461,0.0000000000000000000000000000000000000000000061426160301544,0.102249495727869,0.000100905153874059
"463",462,0.00000000000000000000000000000000000000000000488071388865142,0.102032207251584,0.000100697375288773
"464",463,0.00000000000000000000000000000000000000000000387804934346125,0.101815226483062,0.000100489810751337
"465",464,0.00000000000000000000000000000000000000000000308136617991261,0.101598554853858,0.000100282462680798
"466",465,0.00000000000000000000000000000000000000000000244834882019187,0.101382193768242,0.000100075333458808
"467",466,0.00000000000000000000000000000000000000000000194537474462219,0.101166144603528,0.0000998684254300492
"468",467,0.00000000000000000000000000000000000000000000154572864201485,0.100950408710405,0.0000996617409026497
"469",468,0.00000000000000000000000000000000000000000000122818343424577,0.100734987413258,0.0000994552821486033
"470",469,0.000000000000000000000000000000000000000000000975872806619864,0.100519882010493,0.0000992490514041794
"471",470,0.000000000000000000000000000000000000000000000775395358825169,0.100305093774851,0.0000990430508703301
"472",471,0.000000000000000000000000000000000000000000000616102793734077,0.100090623953725,0.0000988372827130939
"473",472,0.000000000000000000000000000000000000000000000489534336421686,0.0998764737694667,0.0000986317490639938
"474",473,0.000000000000000000000000000000000000000000000388967342743873,0.0996626444196952,0.0000984264520204327
"475",474,0.000000000000000000000000000000000000000000000309060228189803,0.0994491370775989,0.0000982213936460839
"476",475,0.000000000000000000000000000000000000000000000245568751286222,0.099235952892236,0.0000980165759712773
"477",476,0.000000000000000000000000000000000000000000000195120582035033,0.0990230929888299,0.0000978120009933828
"478",477,0.000000000000000000000000000000000000000000000155036181656986,0.0988105584690624,0.0000976076706771884
"479",478,0.000000000000000000000000000000000000000000000123186479724945,0.0985983504113631,0.0000974035869552751
"480",479,0.0000000000000000000000000000000000000000000000978797892520233,0.0983864698711953,0.0000971997517283879
"481",480,0.0000000000000000000000000000000000000000000000777719532647747,0.0981749178813389,0.0000969961668658024
"482",481,0.0000000000000000000000000000000000000000000000617949503246735,0.0979636954521704,0.0000967928342056884
"483",482,0.0000000000000000000000000000000000000000000000491001669024358,0.0977528035719387,0.0000965897555554689
"484",483,0.0000000000000000000000000000000000000000000000390133235350211,0.0975422432070388,0.0000963869326921758
"485",484,0.0000000000000000000000000000000000000000000000309986606822049,0.097332015302282,0.0000961843673628018
"486",485,0.0000000000000000000000000000000000000000000000246304820256569,0.0971221207811625,0.0000959820612846487
"487",486,0.0000000000000000000000000000000000000000000000195705437417323,0.0969125605461217,0.0000957800161456715
"488",487,0.0000000000000000000000000000000000000000000000155500887862483,0.0967033354788092,0.0000955782336048201
"489",488,0.000000000000000000000000000000000000000000000012355571947885,0.0964944464403407,0.0000953767152923757
"490",489,0.00000000000000000000000000000000000000000000000981731746087318,0.0962858942715528,0.0000951754628102852
"491",490,0.00000000000000000000000000000000000000000000000780050672960253,0.0960776797932558,0.0000949744777324913
"492",491,0.00000000000000000000000000000000000000000000000619801748095475,0.0958698038064819,0.0000947737616052592
"493",492,0.00000000000000000000000000000000000000000000000492473399816914,0.0956622670927325,0.0000945733159475
"494",493,0.00000000000000000000000000000000000000000000000391302622608722,0.0954550704142212,0.0000943731422510903
"495",494,0.00000000000000000000000000000000000000000000000310915762186116,0.0952482145141148,0.0000941732419811894
"496",495,0.00000000000000000000000000000000000000000000000247043095523631,0.0950417001167713,0.0000939736165765517
"497",496,0.00000000000000000000000000000000000000000000000196292045847983,0.0948355279279748,0.0000937742674498368
"498",497,0.00000000000000000000000000000000000000000000000155966986980622,0.0946296986351686,0.0000935751959879164
"499",498,0.00000000000000000000000000000000000000000000000123926065993791,0.0944242129076847,0.0000933764035521767
"500",499,0.000000000000000000000000000000000000000000000000984674393601364,0.0942190713969714,0.0000931778914788196
"501",500,0.000000000000000000000000000000000000000000000000782388800644077,0.0940142747368176,0.0000929796610791585
"502",501,0.000000000000000000000000000000000000000000000000621659544871941,0.0938098235435752,0.0000927817136399127
"503",502,0.000000000000000000000000000000000000000000000000493949541982511,0.0936057184163783,0.0000925840504234974
"504",503,0.000000000000000000000000000000000000000000000000392475514994293,0.0934019599373607,0.0000923866726683117
"505",504,0.000000000000000000000000000000000000000000000000311847702604995,0.0931985486718698,0.0000921895815890224
"506",505,0.000000000000000000000000000000000000000000000000247783583700571,0.0929954851686792,0.0000919927783768459
"507",506,0.000000000000000000000000000000000000000000000000196880412581608,0.0927927699601981,0.0000917962641998258
"508",507,0.000000000000000000000000000000000000000000000000156434483186526,0.0925904035626784,0.0000916000402031091
"509",508,0.000000000000000000000000000000000000000000000000124297522587179,0.0923883864764199,0.0000914041075092176
"510",509,0.0000000000000000000000000000000000000000000000000987625861421391,0.0921867191859722,0.0000912084672183181
"511",510,0.0000000000000000000000000000000000000000000000000784733936643202,0.0919854021603354,0.0000910131204084885
"512",511,0.0000000000000000000000000000000000000000000000000623522910217506,0.0917844358531578,0.0000908180681359817
"513",512,0.0000000000000000000000000000000000000000000000000495430108743821,0.0915838207029312,0.0000906233114354861
"514",513,0.0000000000000000000000000000000000000000000000000393651923013209,0.0913835571331847,0.000090428851320384
"515",514,0.000000000000000000000000000000000000000000000000031278243642662,0.0911836455526753,0.0000902346887830067
"516",515,0.0000000000000000000000000000000000000000000000000248526291420377,0.0909840863555772,0.0000900408247948866
"517",516,0.0000000000000000000000000000000000000000000000000197470542888544,0.0907848799216683,0.0000898472603070074
"518",517,0.0000000000000000000000000000000000000000000000000156903380667834,0.0905860266165149,0.000089653996250051
"519",518,0.0000000000000000000000000000000000000000000000000124670092586368,0.0903875267916542,0.0000894610335346417
"520",519,0.00000000000000000000000000000000000000000000000000990586175985427,0.0901893807847742,0.0000892683730515879
"521",520,0.00000000000000000000000000000000000000000000000000787086101964384,0.0899915889198928,0.0000890760156721214
"522",521,0.00000000000000000000000000000000000000000000000000625391860823427,0.0897941515075333,0.0000888839622481336
"523",522,0.00000000000000000000000000000000000000000000000000496915113363147,0.0895970688448987,0.0000886922136124096
"524",523,0.00000000000000000000000000000000000000000000000000394831857203248,0.0894003412160443,0.0000885007705788595
"525",524,0.00000000000000000000000000000000000000000000000000313719972023953,0.0892039688920476,0.0000883096339427472
"526",525,0.00000000000000000000000000000000000000000000000000249271225335918,0.0890079521311762,0.0000881188044809167
"527",526,0.00000000000000000000000000000000000000000000000000198062442054935,0.0888122911790548,0.0000879282829520161
"528",527,0.00000000000000000000000000000000000000000000000000157373683624734,0.088616986268829,0.000087738070096719
"529",528,0.00000000000000000000000000000000000000000000000000125043779328685,0.0884220376213281,0.0000875481666379435
"530",529,0.000000000000000000000000000000000000000000000000000993555363810746,0.0882274454452254,0.0000873585732810686
"531",530,0.000000000000000000000000000000000000000000000000000789445317677349,0.0880332099371974,0.0000871692907141488
"532",531,0.000000000000000000000000000000000000000000000000000627266413430992,0.08783933128208,0.000086980319608126
"533",532,0.000000000000000000000000000000000000000000000000000498404569142546,0.0876458096530244,0.0000867916606170385
"534",533,0.00000000000000000000000000000000000000000000000000039601532813377,0.0874526452116498,0.0000866033143782292
"535",534,0.000000000000000000000000000000000000000000000000000314660317795048,0.0872598381081953,0.0000864152815125496
"536",535,0.000000000000000000000000000000000000000000000000000250018392120003,0.0870673884816693,0.0000862275626245635
"537",536,0.000000000000000000000000000000000000000000000000000198656115382768,0.086875296459998,0.0000860401583027468
"538",537,0.000000000000000000000000000000000000000000000000000157845396270006,0.0866835621601714,0.0000858530691196861
"539",538,0.000000000000000000000000000000000000000000000000000125418586161463,0.0864921856883879,0.000085666295632275
"540",539,0.0000000000000000000000000000000000000000000000000000996533451494104,0.0863011671401977,0.0000854798383819077
"541",540,0.0000000000000000000000000000000000000000000000000000791811604914975,0.0861105066006436,0.0000852936978946712
"542",541,0.0000000000000000000000000000000000000000000000000000629146584831666,0.0859202041444009,0.0000851078746815347
"543",542,0.0000000000000000000000000000000000000000000000000000499898489423949,0.0857302598359154,0.0000849223692385376
"544",543,0.000000000000000000000000000000000000000000000000000039720234640582,0.0855406737295399,0.0000847371820469747
"545",544,0.0000000000000000000000000000000000000000000000000000315603482163134,0.0853514458696692,0.0000845523135735797
"546",545,0.0000000000000000000000000000000000000000000000000000250767798465443,0.0851625762908731,0.0000843677642707071
"547",546,0.0000000000000000000000000000000000000000000000000000199251568189923,0.0849740650180282,0.0000841835345765112
"548",547,0.0000000000000000000000000000000000000000000000000000158318522829057,0.0847859120664485,0.0000839996249151237
"549",548,0.0000000000000000000000000000000000000000000000000000125794516442066,0.0845981174420137,0.0000838160356968293
"550",549,0.0000000000000000000000000000000000000000000000000000099952046571198,0.0844106811412966,0.0000836327673182393
"551",550,0.00000000000000000000000000000000000000000000000000000794184984873484,0.0842236031516889,0.000083449820162463
"552",551,0.00000000000000000000000000000000000000000000000000000631032391867247,0.0840368834515253,0.0000832671945992777
"553",552,0.00000000000000000000000000000000000000000000000000000501396887589273,0.0838505220102065,0.0000830848909852962
"554",553,0.00000000000000000000000000000000000000000000000000000398392922652215,0.0836645187883207,0.0000829029096641334
"555",554,0.00000000000000000000000000000000000000000000000000000316549473576687,0.0834788737377631,0.0000827212509665695
"556",555,0.0000000000000000000000000000000000000000000000000000025151945108511,0.0832935868018553,0.0000825399152107132
"557",556,0.00000000000000000000000000000000000000000000000000000199848805810221,0.0831086579154618,0.0000823589027021617
"558",557,0.00000000000000000000000000000000000000000000000000000158793067539959,0.0829240870051062,0.0000821782137341593
"559",558,0.00000000000000000000000000000000000000000000000000000126171573537921,0.0827398739890857,0.0000819978485877549
"560",559,0.00000000000000000000000000000000000000000000000000000100251643322081,0.0825560187775842,0.0000818178075319567
"561",560,0.000000000000000000000000000000000000000000000000000000796565478812632,0.0823725212727842,0.0000816380908238854
"562",561,0.000000000000000000000000000000000000000000000000000000632923851430016,0.0821893813689772,0.0000814586987089268
"563",562,0.000000000000000000000000000000000000000000000000000000502899777060552,0.0820065989526734,0.0000812796314208811
"564",563,0.000000000000000000000000000000000000000000000000000000399587067537647,0.0818241739027092,0.0000811008891821113
"565",564,0.000000000000000000000000000000000000000000000000000000317498300509508,0.0816421060903539,0.0000809224722036905
"566",565,0.000000000000000000000000000000000000000000000000000000252273356711998,0.0814603953794158,0.000080744380685546
"567",566,0.000000000000000000000000000000000000000000000000000000200447833593468,0.0812790416263458,0.0000805666148166037
"568",567,0.000000000000000000000000000000000000000000000000000000159269034653487,0.0810980446803407,0.0000803891747749292
"569",568,0.000000000000000000000000000000000000000000000000000000126549760826551,0.080917404383445,0.0000802120607278682
"570",569,0.000000000000000000000000000000000000000000000000000000100552138085723,0.0807371205706516,0.0000800352728321853
"571",570,0.00000000000000000000000000000000000000000000000000000007989531080559,0.0805571930700011,0.0000798588112342011
"572",571,0.0000000000000000000000000000000000000000000000000000000634820980462884,0.0803776217026804,0.0000796826760699276
"573",572,0.0000000000000000000000000000000000000000000000000000000504407171300047,0.0801984062831194,0.000079506867465202
"574",573,0.000000000000000000000000000000000000000000000000000000040078479175877,0.0800195466190873,0.0000793313855358198
"575",574,0.0000000000000000000000000000000000000000000000000000000318449971460796,0.0798410425117876,0.0000791562303876652
"576",575,0.0000000000000000000000000000000000000000000000000000000253029522099281,0.0796628937559514,0.0000789814021168413
"577",576,0.0000000000000000000000000000000000000000000000000000000201048656905509,0.0794851001399308,0.0000788069008097973
"578",577,0.0000000000000000000000000000000000000000000000000000000159746428433158,0.0793076614457896,0.0000786327265434559
"579",578,0.0000000000000000000000000000000000000000000000000000000126929081695601,0.0791305774493946,0.0000784588793853383
"580",579,0.0000000000000000000000000000000000000000000000000000000100853533553833,0.0789538479205046,0.0000782853593936877
"581",580,0.00000000000000000000000000000000000000000000000000000000801347893990683,0.0787774726228589,0.0000781121666175921
"582",581,0.00000000000000000000000000000000000000000000000000000000636723795959549,0.0786014513142648,0.0000779393010971049
"583",582,0.00000000000000000000000000000000000000000000000000000000505919083810373,0.0784257837466837,0.0000777667628633647
"584",583,0.00000000000000000000000000000000000000000000000000000000401986106044303,0.0782504696663164,0.0000775945519387139
"585",584,0.00000000000000000000000000000000000000000000000000000000319404494955224,0.0780755088136879,0.000077422668336815
"586",585,0.00000000000000000000000000000000000000000000000000000000253787954020377,0.07790090092373,0.0000772511120627668
"587",586,0.00000000000000000000000000000000000000000000000000000000201651281128269,0.0777266457258644,0.0000770798831132182
"588",587,0.00000000000000000000000000000000000000000000000000000000160225253155268,0.0775527429440832,0.0000769089814764816
"589",588,0.00000000000000000000000000000000000000000000000000000000127309539542869,0.0773791922970303,0.0000767384071326443
"590",589,0.00000000000000000000000000000000000000000000000000000000101155832426185,0.0772059934980799,0.0000765681600536792
"591",590,0.000000000000000000000000000000000000000000000000000000000803749858068483,0.0770331462554158,0.0000763982402035539
"592",591,0.000000000000000000000000000000000000000000000000000000000638632314964646,0.0768606502721086,0.0000762286475383386
"593",592,0.000000000000000000000000000000000000000000000000000000000507435528134615,0.0766885052461924,0.0000760593820063126
"594",593,0.000000000000000000000000000000000000000000000000000000000403191021155123,0.0765167108707409,0.0000758904435480706
"595",594,0.000000000000000000000000000000000000000000000000000000000320361879543021,0.0763452668339416,0.0000757218320966257
"596",595,0.000000000000000000000000000000000000000000000000000000000254548659269004,0.0761741728191707,0.0000755535475775138
"597",596,0.000000000000000000000000000000000000000000000000000000000202255711659808,0.0760034285050655,0.0000753855899088946
"598",597,0.00000000000000000000000000000000000000000000000000000000016070551310893,0.0758330335655969,0.0000752179590016531
"599",598,0.000000000000000000000000000000000000000000000000000000000127691137776341,0.0756629876701411,0.0000750506547594985
"600",599,0.000000000000000000000000000000000000000000000000000000000101459037410649,0.0754932904835495,0.0000748836770790631
"601",600,0.00000000000000000000000000000000000000000000000000000000008061590218051,0.0753239416662191,0.0000747170258499997
"602",601,0.0000000000000000000000000000000000000000000000000000000000640546554573897,0.0751549408741609,0.0000745507009550775
"603",602,0.0000000000000000000000000000000000000000000000000000000000508956517856456,0.0749862877590685,0.0000743847022702775
"604",603,0.0000000000000000000000000000000000000000000000000000000000404399547884361,0.0748179819683845,0.0000742190296648865
"605",604,0.0000000000000000000000000000000000000000000000000000000000321322133800042,0.0746500231453681,0.0000740536830015899
"606",605,0.0000000000000000000000000000000000000000000000000000000000255311644659247,0.0744824109291599,0.0000738886621365639
"607",606,0.0000000000000000000000000000000000000000000000000000000000202861953914365,0.0743151449548471,0.000073723966919566
"608",607,0.0000000000000000000000000000000000000000000000000000000000161187212596115,0.0741482248535277,0.0000735595971940249
"609",608,0.0000000000000000000000000000000000000000000000000000000000128073879814215,0.0739816502523737,0.0000733955527971294
"610",609,0.000000000000000000000000000000000000000000000000000000000010176315122321,0.073815420774694,0.0000732318335599161
"611",610,0.00000000000000000000000000000000000000000000000000000000000808575406780828,0.073649536039996,0.0000730684393073559
"612",611,0.00000000000000000000000000000000000000000000000000000000000642466531934271,0.0734839956640466,0.00007290536985844
"613",612,0.00000000000000000000000000000000000000000000000000000000000510482066600293,0.073318799258933,0.0000727426250262647
"614",613,0.00000000000000000000000000000000000000000000000000000000000405611697057499,0.0731539464331222,0.0000725802046181148
"615",614,0.00000000000000000000000000000000000000000000000000000000000322285266327846,0.0729894367915199,0.0000724181084355466
"616",615,0.00000000000000000000000000000000000000000000000000000000000256076917025611,0.0728252699355288,0.00007225633627447
"617",616,0.00000000000000000000000000000000000000000000000000000000000203470013322405,0.0726614454631061,0.0000720948879252289
"618",617,0.00000000000000000000000000000000000000000000000000000000000161670355931688,0.0724979629688207,0.0000719337631726816
"619",618,0.00000000000000000000000000000000000000000000000000000000000128457769084937,0.0723348220439087,0.0000717729617962795
"620",619,0.00000000000000000000000000000000000000000000000000000000000102068176587992,0.0721720222763299,0.0000716124835701457
"621",620,0.000000000000000000000000000000000000000000000000000000000000810999034640643,0.0720095632508217,0.0000714523282631514
"622",621,0.000000000000000000000000000000000000000000000000000000000000644392264244129,0.071847444548954,0.0000712924956389933
"623",622,0.000000000000000000000000000000000000000000000000000000000000512012188031359,0.0716856657491823,0.0000711329854562679
"624",623,0.000000000000000000000000000000000000000000000000000000000000406827479532469,0.0715242264269009,0.0000709737974685472
"625",624,0.000000000000000000000000000000000000000000000000000000000000323251285753777,0.071363126154495,0.0000708149314244514
"626",625,0.000000000000000000000000000000000000000000000000000000000000256844483223091,0.0712023645013925,0.0000706563870677222
"627",626,0.000000000000000000000000000000000000000000000000000000000000204079895330675,0.0710419410341147,0.0000704981641372952
"628",627,0.000000000000000000000000000000000000000000000000000000000000162154947443446,0.0708818553163272,0.0000703402623673701
"629",628,0.000000000000000000000000000000000000000000000000000000000000128842809027227,0.0707221069088893,0.0000701826814874819
"630",629,0.000000000000000000000000000000000000000000000000000000000000102374116237287,0.0705626953699032,0.0000700254212225698
"631",630,0.0000000000000000000000000000000000000000000000000000000000000813429927094402,0.0704036202547631,0.0000698684812930465
"632",631,0.0000000000000000000000000000000000000000000000000000000000000646323768753386,0.0702448811162025,0.0000697118614148656
"633",632,0.000000000000000000000000000000000000000000000000000000000000051354689585585,0.0700864775043423,0.0000695555612995887
"634",633,0.0000000000000000000000000000000000000000000000000000000000000408046906199746,0.0699284089667371,0.0000693995806544523
"635",634,0.0000000000000000000000000000000000000000000000000000000000000324220200731036,0.069770675048422,0.0000692439191824326
"636",635,0.0000000000000000000000000000000000000000000000000000000000000257614350127228,0.0696132752919579,0.0000690885765823109
"637",636,0.0000000000000000000000000000000000000000000000000000000000000204691605402245,0.0694562092374771,0.0000689335525487373
"638",637,0.000000000000000000000000000000000000000000000000000000000000016264099147216,0.0692994764227277,0.0000687788467722938
"639",638,0.0000000000000000000000000000000000000000000000000000000000000129229003090114,0.0691430763831177,0.0000686244589395575
"640",639,0.0000000000000000000000000000000000000000000000000000000000000102680972911576,0.0689870086517587,0.0000684703887331616
"641",640,0.00000000000000000000000000000000000000000000000000000000000000815868105917033,0.0688312727595086,0.0000683166358318572
"642",641,0.0000000000000000000000000000000000000000000000000000000000000064826106276366,0.0686758682350146,0.0000681631999105731
"643",642,0.00000000000000000000000000000000000000000000000000000000000000515086203821044,0.0685207946047549,0.0000680100806404756
"644",643,0.00000000000000000000000000000000000000000000000000000000000000409269987982451,0.0683660513930801,0.0000678572776890278
"645",644,0.00000000000000000000000000000000000000000000000000000000000000325192019938765,0.0682116381222545,0.0000677047907200475
"646",645,0.0000000000000000000000000000000000000000000000000000000000000025838652463417,0.0680575543124963,0.0000675526193937646
"647",646,0.00000000000000000000000000000000000000000000000000000000000000205305149016561,0.0679037994820175,0.0000674007633668787
"648",647,0.00000000000000000000000000000000000000000000000000000000000000163128492371611,0.0677503731470639,0.0000672492222926145
"649",648,0.00000000000000000000000000000000000000000000000000000000000000129616354732965,0.0675972748219535,0.0000670979958207779
"650",649,0.00000000000000000000000000000000000000000000000000000000000000102988749359554,0.0674445040191155,0.0000669470835978108
"651",650,0.000000000000000000000000000000000000000000000000000000000000000818313592948734,0.067292060249128,0.0000667964852668452
"652",651,0.00000000000000000000000000000000000000000000000000000000000000065020416362843,0.067139943020756,0.0000666462004677569
"653",652,0.000000000000000000000000000000000000000000000000000000000000000516630125715425,0.0669881518409882,0.0000664962288372187
"654",653,0.000000000000000000000000000000000000000000000000000000000000000410496735836445,0.0668366862150737,0.0000663465700087524
"655",654,0.000000000000000000000000000000000000000000000000000000000000000326166752082117,0.0666855456465585,0.0000661972236127806
"656",655,0.000000000000000000000000000000000000000000000000000000000000000259161013660738,0.0665347296373211,0.0000660481892766783
"657",656,0.000000000000000000000000000000000000000000000000000000000000000205920531669492,0.0663842376876078,0.0000658994666248226
"658",657,0.000000000000000000000000000000000000000000000000000000000000000163617454508631,0.0662340692960676,0.0000657510552786434
"659",658,0.000000000000000000000000000000000000000000000000000000000000000130004867425515,0.0660842239597871,0.0000656029548566722
"660",659,0.000000000000000000000000000000000000000000000000000000000000000103297448338155,0.0659347011743237,0.000065455164974591
"661",660,0.0000000000000000000000000000000000000000000000000000000000000000820766410095167,0.0657855004337401,0.0000653076852452806
"662",661,0.0000000000000000000000000000000000000000000000000000000000000000652153088753189,0.0656366212306371,0.000065160515278868
"663",662,0.0000000000000000000000000000000000000000000000000000000000000000518178675368807,0.0654880630561864,0.0000650136546827736
"664",663,0.0000000000000000000000000000000000000000000000000000000000000000411727160750427,0.0653398254001633,0.0000648671030617574
"665",664,0.0000000000000000000000000000000000000000000000000000000000000000327144405892339,0.065191907750978,0.0000647208600179651
"666",665,0.0000000000000000000000000000000000000000000000000000000000000000259937824144483,0.0650443095957083,0.0000645749251509735
"667",666,0.0000000000000000000000000000000000000000000000000000000000000000206537758873383,0.0648970304201296,0.000064429298057835
"668",667,0.000000000000000000000000000000000000000000000000000000000000000016410788226314,0.0647500697087467,0.0000642839783331225
"669",668,0.0000000000000000000000000000000000000000000000000000000000000000130394544647901,0.0646034269448238,0.0000641389655689722
"670",669,0.0000000000000000000000000000000000000000000000000000000000000000103607072612577,0.0644571016104144,0.000063994259355128
"671",670,0.00000000000000000000000000000000000000000000000000000000000000000823226579327653,0.0643110931863915,0.0000638498592789832
"672",671,0.00000000000000000000000000000000000000000000000000000000000000000654107855595603,0.0641654011524764,0.000063705764925623
"673",672,0.00000000000000000000000000000000000000000000000000000000000000000519731866652457,0.0640200249872679,0.0000635619758778667
"674",673,0.00000000000000000000000000000000000000000000000000000000000000000412961273746035,0.063874964168271,0.0000634184917163082
"675",674,0.00000000000000000000000000000000000000000000000000000000000000000328124990126851,0.0637302181719248,0.0000632753120193568
"676",675,0.00000000000000000000000000000000000000000000000000000000000000000260716963043753,0.0635857864736306,0.000063132436363278
"677",676,0.00000000000000000000000000000000000000000000000000000000000000000207156836157099,0.0634416685477795,0.0000629898643222323
"678",677,0.00000000000000000000000000000000000000000000000000000000000000000164599780028188,0.0632978638677794,0.0000628475954683153
"679",678,0.0000000000000000000000000000000000000000000000000000000000000000013078538989069,0.0631543719060818,0.000062705629371596
"680",679,0.00000000000000000000000000000000000000000000000000000000000000000103917624956307,0.0630111921342085,0.0000625639656001551
"681",680,0.00000000000000000000000000000000000000000000000000000000000000000082569412268337,0.0628683240227778,0.0000624226037201229
"682",681,0.000000000000000000000000000000000000000000000000000000000000000000656068481665665,0.06272576704153,0.000062281543295717
"683",682,0.000000000000000000000000000000000000000000000000000000000000000000521289713479221,0.0625835206593532,0.0000621407838892786
"684",683,0.000000000000000000000000000000000000000000000000000000000000000000414199085877943,0.0624415843443084,0.0000620003250613095
"685",684,0.00000000000000000000000000000000000000000000000000000000000000000032910851356932,0.0622999575636544,0.0000618601663705079
"686",685,0.000000000000000000000000000000000000000000000000000000000000000000261498437337753,0.0621586397838725,0.0000617203073738042
"687",686,0.000000000000000000000000000000000000000000000000000000000000000000207777769066078,0.0620176304706902,0.0000615807476263958
"688",687,0.000000000000000000000000000000000000000000000000000000000000000000165093152209991,0.0618769290891059,0.0000614414866817823
"689",688,0.000000000000000000000000000000000000000000000000000000000000000000131177406654912,0.0617365351034118,0.0000613025240917993
"690",689,0.000000000000000000000000000000000000000000000000000000000000000000104229108151143,0.061596447977218,0.000061163859406653
"691",690,0.0000000000000000000000000000000000000000000000000000000000000000000828169062265552,0.0614566671734746,0.0000610254921749529
"692",691,0.0000000000000000000000000000000000000000000000000000000000000000000658034984525852,0.0613171921544953,0.0000608874219437455
"693",692,0.0000000000000000000000000000000000000000000000000000000000000000000522852229803645,0.0611780223819795,0.0000607496482585466
"694",693,0.0000000000000000000000000000000000000000000000000000000000000000000415440608233959,0.0610391573170343,0.0000606121706633737
"695",694,0.0000000000000000000000000000000000000000000000000000000000000000000330094985029743,0.0609005964201965,0.000060474988700778
"696",695,0.0000000000000000000000000000000000000000000000000000000000000000000262282254026604,0.0607623391514544,0.0000603381019118757
"697",696,0.0000000000000000000000000000000000000000000000000000000000000000000208400563162381,0.0606243849702689,0.0000602015098363792
"698",697,0.0000000000000000000000000000000000000000000000000000000000000000000165588003227974,0.0604867333355944,0.0000600652120126278
"699",698,0.0000000000000000000000000000000000000000000000000000000000000000000131570598452092,0.0603493837059,0.000059929207977618
"700",699,0.0000000000000000000000000000000000000000000000000000000000000000000104541524987223,0.0602123355391898,0.0000597934972670337
"701",700,0.00000000000000000000000000000000000000000000000000000000000000000000830651420243684,0.0600755882930227,0.0000596580794152754
"702",701,0.00000000000000000000000000000000000000000000000000000000000000000000660007381791283,0.0599391414245334,0.0000595229539554898
"703",702,0.00000000000000000000000000000000000000000000000000000000000000000000524419429622106,0.0598029943904509,0.0000593881204195986
"704",703,0.00000000000000000000000000000000000000000000000000000000000000000000416685851935129,0.059667146647119,0.0000592535783383267
"705",704,0.00000000000000000000000000000000000000000000000000000000000000000000331084413344522,0.059531597650515,0.000059119327241231
"706",705,0.00000000000000000000000000000000000000000000000000000000000000000000263068420131414,0.0593963468562685,0.0000589853666567275
"707",706,0.00000000000000000000000000000000000000000000000000000000000000000000209025224024739,0.0592613937196806,0.0000588516961121194
"708",707,0.00000000000000000000000000000000000000000000000000000000000000000000166084337514806,0.059126737695742,0.0000587183151336238
"709",708,0.00000000000000000000000000000000000000000000000000000000000000000000131964968804278,0.0589923782391515,0.0000585852232463989
"710",709,0.00000000000000000000000000000000000000000000000000000000000000000000104854878263048,0.0588583148043338,0.0000584524199745699
"711",710,0.000000000000000000000000000000000000000000000000000000000000000000000833141218853702,0.058724546845457,0.0000583199048412556
"712",711,0.000000000000000000000000000000000000000000000000000000000000000000000661985691129879,0.0585910738164509,0.0000581876773685943
"713",712,0.00000000000000000000000000000000000000000000000000000000000000000000052599132697293,0.0584578951710235,0.0000580557370777687
"714",713,0.000000000000000000000000000000000000000000000000000000000000000000000417934828135829,0.0583250103626784,0.0000579240834890318
"715",714,0.000000000000000000000000000000000000000000000000000000000000000000000332076807376548,0.0581924188447317,0.0000577927161217311
"716",715,0.000000000000000000000000000000000000000000000000000000000000000000000263856942694333,0.0580601200703283,0.0000576616344943336
"717",716,0.000000000000000000000000000000000000000000000000000000000000000000000209651757248607,0.057928113492459,0.0000575308381244499
"718",717,0.000000000000000000000000000000000000000000000000000000000000000000000166582159516445,0.0577963985639755,0.0000574003265288581
"719",718,0.000000000000000000000000000000000000000000000000000000000000000000000132360521244077,0.0576649747376078,0.0000572700992235273
"720",719,0.000000000000000000000000000000000000000000000000000000000000000000000105169170785508,0.0575338414659785,0.0000571401557236414
"721",720,0.0000000000000000000000000000000000000000000000000000000000000000000000835638480398192,0.0574029982016197,0.0000570104955436215
"722",721,0.0000000000000000000000000000000000000000000000000000000000000000000000663969930262514,0.0572724443969871,0.0000568811181971493
"723",722,0.0000000000000000000000000000000000000000000000000000000000000000000000527567935936524,0.0571421795044761,0.0000567520231971891
"724",723,0.0000000000000000000000000000000000000000000000000000000000000000000000419187548023872,0.0570122029764363,0.00005662321005601
"725",724,0.0000000000000000000000000000000000000000000000000000000000000000000000333072176015276,0.0568825142651859,0.0000564946782852082
"726",725,0.000000000000000000000000000000000000000000000000000000000000000000000026464782877862,0.0567531128230271,0.0000563664273957283
"727",726,0.0000000000000000000000000000000000000000000000000000000000000000000000210280168446209,0.0566239981022596,0.0000562384568978847
"728",727,0.0000000000000000000000000000000000000000000000000000000000000000000000167081473692175,0.056495169555195,0.0000561107663013825
"729",728,0.0000000000000000000000000000000000000000000000000000000000000000000000132757259314684,0.056366626634171,0.0000559833551153389
"730",729,0.0000000000000000000000000000000000000000000000000000000000000000000000105484405369904,0.0562383687915649,0.0000558562228483032
"731",730,0.0000000000000000000000000000000000000000000000000000000000000000000000083814322724659,0.0561103954798072,0.000055729369008277
