"","V1","V2","V3","V4"
"1",0,5,0,5
"2",1,4.07251405174024,0.000426678604284509,3.97074995922791
"3",2,3.28001347829065,0.000979831503559141,3.15404419713205
"4",3,2.62570774195215,0.00164963051728171,2.50561763099273
"5",4,2.0949141351115,0.00242687490040373,1.99063109824757
"6",5,1.66833737938878,0.00330295257146181,1.58155021931138
"7",6,1.32726040475707,0.00426980360949922,1.25656311174009
"8",7,1.05531139064447,0.00531988601797373,0.99836833454588
"9",8,0.838816597882015,0.00644614361276288,0.793232091154486
"10",9,0.666616867447849,0.00764197588853814,0.630247930708416
"11",10,0.529715011281901,0.00890120977029314,0.500752824364876
"12",11,0.420905151592641,0.0102180731445354,0.397865450358378
"13",12,0.334435706277612,0.0115871699043103,0.316118296720357
"14",13,0.265725785115951,0.0130034566802025,0.251167781084126
"15",14,0.21113025866836,0.0144622208694055,0.19956254882978
"16",15,0.167751954965723,0.0159590602653031,0.158561587554845
"17",16,0.133285130918803,0.0174898633348778,0.125984301745969
"18",17,0.105899784771557,0.0190507916446045,0.100100662209478
"19",18,0.0841410983194806,0.020638262609349,0.0795353055332482
"20",19,0.066853078042973,0.0222489336022107,0.0631955257034797
"21",20,0.0531166954031189,0.0238796869761066,0.0502127526045809
"22",21,0.0422029582974348,0.0255276161046976,0.0398977361740769
"23",22,0.0335317464769495,0.0271900121370343,0.0317023134738051
"24",23,0.0266418920282156,0.0288643516666484,0.025190759473482
"25",24,0.0211680624541261,0.030548285139874,0.020017217721393
"26",25,0.0168188787666366,0.0322396259693044,0.0159067281997916
"27",26,0.0133630840445588,0.0339363403227685,0.0126408930962417
"28",27,0.0106173872461759,0.035636537537997,0.0100461597241161
"29",28,0.00843586024762648,0.0373384611310295,0.00798464242994682
"30",29,0.00670258112917088,0.0390404803510739,0.00634678149032491
"31",30,0.00532541643176042,0.0407410822843091,0.0050455395506565
"32",31,0.00423129784913254,0.0424388650675246,0.00401183273889754
"33",32,0.00336203511480809,0.0441325295211844,0.00319066680573685
"34",33,0.00267131067356259,0.0458208722679744,0.00253826025237597
"35",34,0.00212233180754075,0.047502780887199,0.0020198422444145
"36",35,0.00168617622036713,0.0491772302803508,0.00160807475564621
"37",36,0.00133973853006229,0.0508432743162088,0.00128111826584993
"38",37,0.00106445437811934,0.0525000398405377,0.00102142808257341
"39",38,0.00084573134985473,0.054146724205697,0.000815211708178663
"40",39,0.000671955887914279,0.0557825900279476,0.000651490545973399
"41",40,0.000533885297328888,0.0574069610198802,0.000521529289014873
"42",41,0.000424184102838398,0.0590192180703572,0.000418395300206188
"43",42,0.000337024440476663,0.0606187955563026,0.000336578625668757
"44",43,0.000267774451795806,0.0622051778865825,0.000271700865767003
"45",44,0.000212753088518996,0.0637778962594388,0.000220283676578839
"46",45,0.000169037112205634,0.0653365256208464,0.00017956319460423
"47",46,0.000134304346693634,0.0668806818114772,0.000147343347078441
"48",47,0.000106701745639224,0.0684100182566609,0.000121873233622131
"49",48,0.0000847821941602317,0.0699242266750748,0.000101784842419025
"50",49,0.0000673675392789653,0.0714230290649511,0.0000859633613765981
"51",50,0.0000535320217656838,0.0729061797668979,0.0000735335915830065
"52",51,0.0000425366163976628,0.0743734616954017,0.0000637972216673584
"53",52,0.0000337994799291952,0.0758246853594607,0.0000562036070585505
"54",53,0.0000268571939057845,0.0772596865690922,0.0000503140097002405
"55",54,0.000021340866265664,0.0786783247389753,0.0000457795576182534
"56",55,0.0000169574670492954,0.0800804812897702,0.0000423230410325651
"57",56,0.0000134744024499946,0.0814660581471089,0.0000397240992055486
"58",57,0.0000107068136152104,0.0828349763347912,0.0000378075525777855
"59",58,0.00000850767753110506,0.0841871746559888,0.0000364341319846254
"60",59,0.00000676020559739224,0.0855226084570404,0.0000354930999047855
"61",60,0.00000537166665794481,0.086841248468749,0.0000348963908373175
"62",61,0.00000426834788507845,0.0881430797204069,0.0000345739580428451
"63",62,0.00000339164258558167,0.089428100522066,0.0000344700741902925
"64",63,0.00000269500167483921,0.0906963215108451,0.0000345403906954123
"65",64,0.00000214145339639105,0.0919477647573257,0.0000347496021881772
"66",65,0.00000170160695229305,0.0931824629283301,0.0000350695911837373
"67",66,0.00000135210109923885,0.0944004585026031,0.0000354779531608815
"68",67,0.00000107444512240469,0.0956018031845435,0.0000359568852539521
"69",68,0.000000853693954080013,0.0967865564433852,0.000036491939836033
"70",69,0.000000678187310748727,0.0979547860206407,0.000037071787554152
"71",70,0.000000538822520376952,0.0991065672024636,0.0000376875254435867
"72",71,0.000000428122330104802,0.100241981312344,0.0000383317886882641
"73",72,0.000000340151367447496,0.101361115742283,0.0000389986783479038
"74",73,0.00000027025832399904,0.102464063501334,0.0000396835206803176
"75",74,0.000000214726632876669,0.103550922682443,0.0000403825295048797
"76",75,0.000000170605702823771,0.104621796035124,0.0000410926478930892
"77",76,0.000000135550874606084,0.105676790559671,0.0000418114028101803
"78",77,0.000000107697741915919,0.106716017127621,0.0000425367819853888
"79",78,0.0000000855683252582572,0.107739590127126,0.0000432671421149559
"80",79,0.0000000679867919296013,0.108747627131322,0.0000440011345728488
"81",80,0.0000000540168585176395,0.10974024858834,0.0000447376459803167
"82",81,0.0000000429172149866275,0.110717577531618,0.0000454757512146884
"83",82,0.0000000340972510657654,0.111679739273224,0.0000462146740299275
"84",83,0.0000000270929567840583,0.112626861333604,0.000046953767742069
"85",84,0.0000000215274196951975,0.113559072879133,0.000047692472551979
"86",85,0.0000000171060410083678,0.114476504753149,0.0000484303118704788
"87",86,0.0000000135936039320719,0.115379289193447,0.0000491668727766001
"88",87,0.0000000108007575670489,0.116267559585375,0.0000499017922335454
"89",88,0.00000000858013738005298,0.117141450422175,0.0000506347525576247
"90",89,0.00000000681706495453451,0.118001097111794,0.0000513654729303754
"91",90,0.00000000541662372458034,0.11884663568745,0.0000520936975411105
"92",91,0.00000000430344650013903,0.119678202749404,0.0000528191948246081
"93",92,0.00000000341916325523944,0.120495935336285,0.0000535417543339534
"94",93,0.00000000271675834836681,0.121299970787297,0.0000542611823587381
"95",94,0.00000000215846966834509,0.122090446627484,0.000054977299801735
"96",95,0.00000000171485750755878,0.122867500459348,0.0000556899402080477
"97",96,0.00000000136259828757513,0.12363126986218,0.0000563989481086849
"98",97,0.00000000108265002926856,0.124381892298722,0.0000571041777603206
"99",98,0.000000000860082283345231,0.125119505028576,0.0000578054920780532
"100",99,0.000000000683384591912667,0.125844245027969,0.0000585027617721233
"101",100,0.000000000543047837559239,0.126556248915459,0.0000591958646611266
"102",101,0.00000000043139515185499,0.127255652883208,0.0000598846850849804
"103",102,0.000000000342717164132154,0.127942592633478,0.0000605691134118125
"104",103,0.000000000272378569409327,0.128617203320014,0.0000612490456445273
"105",104,0.000000000216400612295404,0.129279619493989,0.0000619243830816898
"106",105,0.000000000171868301868472,0.129929975054248,0.0000625950320133729
"107",106,0.000000000136598859920924,0.130568403201548,0.0000632609034718931
"108",107,0.000000000108566946145215,0.131195036396559,0.0000639219130198501
"109",108,0.0000000000861993873195495,0.131810006321376,0.00006457798054771
"110",109,0.0000000000684872150087293,0.132413443844311,0.0000652290300960807
"111",110,0.0000000000544682010166089,0.133005478987766,0.0000658749897072402
"112",111,0.0000000000432477823212481,0.133586240899053,0.0000665157912806634
"113",112,0.0000000000343294963401875,0.134155857823496,0.0000671513704319432
"114",113,0.0000000000273220817267135,0.134714457081701,0.0000677816663816457
"115",114,0.0000000000216879786234162,0.135262165045082,0.0000684066218300612
"116",115,0.0000000000171880064632308,0.135799107118582,0.000069026182850725
"117",116,0.0000000000137341401933301,0.136325407723306,0.0000696402987900234
"118",117,0.0000000000109101516571442,0.136841190280077,0.0000702489221723214
"119",118,0.00000000000856780953761886,0.137346577196149,0.0000708520085966131
"120",119,0.00000000000689278035509132,0.13784168985269,0.0000714495166405461
"121",120,0.00000000000558816887360002,0.138326648594683,0.0000720414077910349
"122",121,0.00000000000434028643399138,0.138801572721994,0.0000726276463508661
"123",122,0.00000000000340224450750783,0.139266580481214,0.0000732081993415103
"124",123,0.00000000000280342102770588,0.139721789059404,0.0000737830364390204
"125",124,0.00000000000220200870169341,0.140167314578856,0.0000743521298987716
"126",125,0.00000000000166482403879991,0.140603272092921,0.0000749154544642387
"127",126,0.00000000000138613375156014,0.141029775582871,0.0000754729872981377
"128",127,0.00000000000113928006192036,0.141446937955712,0.0000760247079207439
"129",128,0.000000000000828541442483137,0.141854871042859,0.0000765705981277088
"130",129,0.000000000000665691407989562,0.142253685599679,0.0000771106419215209
"131",130,0.000000000000589208683531274,0.142643491305699,0.0000776448254474642
"132",131,0.000000000000413068426051627,0.143024396765704,0.0000781731369309548
"133",132,0.000000000000330693182996012,0.14339650951135,0.0000786955666040837
"134",133,0.00000000000035666906879386,0.143759936003377,0.0000792121066512982
"135",134,0.00000000000019602555697752,0.144114781634409,0.0000797227511520885
"136",135,0.000000000000102608790775231,0.144461150732422,0.0000802274960025799
"137",136,0.000000000000224291737913283,0.144799146564424,0.0000807263388719018
"138",137,0.000000000000176511313583103,0.145128871340708,0.00008121927915393
"139",138,0.000000000000020859359309745,0.145450426219601,0.0000817063178909685
"140",139,0.000000000000075413043057662,0.145763911312568,0.0000821874577230956
"141",140,0.000000000000132469141975705,0.146069425689306,0.0000826627028532081
"142",141,-0.0000000000000316910663189495,0.146367067384072,0.0000831320589794274
"143",142,-0.0000000000000201374729966275,0.146656933401275,0.0000835955332369327
"144",143,0.000000000000127225579375576,0.146939119721707,0.0000840531341693366
"145",144,-0.0000000000000669275026598132,0.147213721309217,0.0000845048716789901
"146",145,-0.000000000000214057091664368,0.147480832117448,0.0000849507569554807
"147",146,-0.000000000000133171274535399,0.147740545096747,0.000085390802450395
"148",147,0.0000000000000177206538563061,0.147992952201313,0.0000858250218353534
"149",148,0.000000000000049221631147483,0.148238144396521,0.0000862534299526976
"150",149,-0.00000000000000909823598971409,0.148476211666359,0.000086676042768289
"151",150,-0.0000000000000341226945745704,0.148707243021002,0.0000870928773325596
"152",151,-0.00000000000000235263032105018,0.148931326504512,0.0000875039517439393
"153",152,0.0000000000000234330854256324,0.149148549202643,0.0000879092851093745
"154",153,0.0000000000000122752567765318,0.149358997250739,0.0000883088975038405
"155",154,-0.00000000000000694876571210756,0.149562755841713,0.0000887028099325556
"156",155,-0.0000000000000067417146357028,0.149759909234091,0.0000890910442958692
"157",156,0.00000000000000419746579773364,0.149950540760115,0.000089473623354592
"158",157,0.00000000000000694846673908997,0.150134732833901,0.0000898505706950894
"159",158,0.000000000000000947273019855007,0.150312566959631,0.0000902219106952307
"160",159,-0.00000000000000276806221535031,0.150484123739785,0.0000905876684919007
"161",160,-0.000000000000000545229836784117,0.150649482883384,0.0000909478699496123
"162",161,0.00000000000000215756348576555,0.150808723214267,0.0000913025416296372
"163",162,0.00000000000000151640590412684,0.150961922679364,0.0000916517107597283
"164",163,-0.000000000000000391454246822154,0.15110915835698,0.0000919954052047776
"165",164,-0.0000000000000006752951712487,0.151250506465077,0.0000923336534384475
"166",165,0.000000000000000300774245641323,0.151386042369547,0.0000926664845155587
"167",166,0.000000000000000708004603278529,0.151515840592474,0.000092993928045124
"168",167,0.000000000000000207354938092545,0.151639974820377,0.0000933160141641019
"169",168,-0.0000000000000002207827889651,0.151758517912438,0.000093632773511935
"170",169,-0.000000000000000081075942353637,0.151871541908696,0.0000939442372058278
"171",170,0.000000000000000192832260327529,0.151979118038219,0.0000942504368166911
"172",171,0.000000000000000174912444334734,0.152081316727244,0.0000945514043457354
"173",172,-0.00000000000000000711114180969242,0.152178207607275,0.0000948471722017325
"174",173,-0.0000000000000000626341116235274,0.152269859523151,0.0000951377731789409
"175",174,0.0000000000000000197106701637816,0.152356340541066,0.0000954232404356616
"176",175,0.0000000000000000704517550782053,0.152437717956554,0.0000957036074733988
"177",176,0.0000000000000000312975875774002,0.152514058302419,0.0000959789081166185
"178",177,-0.0000000000000000150944228784128,0.152585427356626,0.0000962491764930981
"179",178,-0.00000000000000000941549197121008,0.152651890150134,0.0000965144470148523
"180",179,0.0000000000000000170090834462313,0.152713510974687,0.0000967747543596166
"181",180,0.0000000000000000193799514650877,0.152770353390545,0.0000970301334528735
"182",181,0.00000000000000000263817176787835,0.152822480234164,0.000097280619450411
"183",182,-0.00000000000000000523688432666077,0.152869953625824,0.0000975262477214031
"184",183,0.00000000000000000119622912685795,0.152912834977188,0.0000977670538319972
"185",184,0.00000000000000000691922003098341,0.152951184998823,0.0000980030735293953
"186",185,0.00000000000000000412125740554301,0.152985063707641,0.0000982343427264178
"187",186,-0.000000000000000000682602438466082,0.153014530434299,0.0000984608974865373
"188",187,-0.000000000000000000920479780655897,0.153039643830529,0.0000986827740093737
"189",188,0.00000000000000000150247978820768,0.153060461876408,0.000098900008616635
"190",189,0.00000000000000000209268011386477,0.15307704188757,0.0000991126377384965
"191",190,0.00000000000000000060870952222733,0.153089440522353,0.0000993206979004046
"192",191,-0.000000000000000000367954935083626,0.153097713788889,0.0000995242257102962
"193",192,0.0000000000000000000759254085903945,0.153101917052124,0.0000997232578462237
"194",193,0.000000000000000000676841462432881,0.153102105040784,0.0000999178310443738
"195",194,0.000000000000000000505423614052819,0.153098331854269,0.000100107982087472
"196",195,0.0000000000000000000260067305447429,0.153090650969494,0.000100293747793559
"197",196,-0.0000000000000000000735353058068499,0.153079115247657,0.000100475165005141
"198",197,0.000000000000000000135983517172907,0.153063776940952,0.000100652270578683
"199",198,0.000000000000000000222643789439408,0.153044687699213,0.000100825101374463
"200",199,0.0000000000000000000961518190050407,0.153021898576499,0.000100993694246752
"201",200,-0.0000000000000000000159803149172678,0.152995460037615,0.000101158086034338
"202",201,0.00000000000000000000732425169088393,0.152965421964565,0.000101318313551354
"203",202,0.000000000000000000066678755427891,0.152931833662955,0.000101474413578433
"204",203,0.0000000000000000000594770040757708,0.152894743868315,0.00010162642285416
"205",204,0.0000000000000000000131089067370378,0.152854200752377,0.000101774378066824
"206",205,-0.00000000000000000000375009583252351,0.152810251929279,0.000101918315846459
"207",206,0.000000000000000000013005672667187,0.15276294446171,0.000102058272757161
"208",207,0.0000000000000000000235660622793849,0.152712324866998,0.000102194285289689
"209",208,0.0000000000000000000132352309927531,0.152658439123128,0.000102326389854325
"210",209,0.00000000000000000000100732160715046,0.152601332674707,0.000102454622773994
"211",210,0.00000000000000000000118643624074031,0.152541050438865,0.000102579020277644
"212",211,0.00000000000000000000670144341395102,0.152477636811094,0.000102699618493861
"213",212,0.00000000000000000000683451136346356,0.152411135671032,0.000102816453444737
"214",213,0.00000000000000000000246936756417547,0.152341590388181,0.000102929561039956
"215",214,0.000000000000000000000172147447495763,0.152269043827574,0.000103038977071123
"216",215,0.0000000000000000000013533015555902,0.152193538355372,0.0001031447372063
"217",216,0.00000000000000000000250467426948496,0.152115115844416,0.000103246876984763
"218",217,0.00000000000000000000169990200034802,0.152033817679709,0.000103345431811973
"219",218,0.00000000000000000000041491790813175,0.151949684763851,0.000103440436954739
"220",219,0.00000000000000000000021933471186619,0.151862757522405,0.000103531927536586
"221",220,0.000000000000000000000696198699744479,0.15177307590922,0.000103619938533317
"222",221,0.000000000000000000000776242842016612,0.151680679411687,0.000103704504768758
"223",222,0.000000000000000000000374445514959314,0.151585607055942,0.000103785660910684
"224",223,0.0000000000000000000000919926963056821,0.151487897412021,0.000103863441466926
"225",224,0.000000000000000000000154823258947619,0.151387588598949,0.000103937880781647
"226",225,0.000000000000000000000269646711367757,0.15128471828978,0.000104009013031788
"227",226,0.000000000000000000000210032253716961,0.151179323716586,0.000104076872223673
"228",227,0.0000000000000000000000786070970010268,0.151071441675388,0.000104141492189772
"229",228,0.0000000000000000000000383072487285771,0.150961108531037,0.000104202906585622
"230",229,0.0000000000000000000000755250007812733,0.150848360222039,0.000104261148886892
"231",230,0.0000000000000000000000879538895018654,0.150733232265333,0.000104316252386598
"232",231,0.0000000000000000000000515700951921746,0.150615759761012,0.00010436825019245
"233",232,0.0000000000000000000000188647810751047,0.150495977397001,0.000104417175224345
"234",233,0.000000000000000000000019180262320443,0.150373919453674,0.000104463060211991
"235",234,0.0000000000000000000000296251295902641,0.15024961980843,0.000104505937692652
"236",235,0.0000000000000000000000253959633689104,0.150123111940213,0.00010454584000903
"237",236,0.0000000000000000000000122039483290677,0.149994428933989,0.00010458279930726
"238",237,0.00000000000000000000000618709847800749,0.149863603485167,0.000104616847535024
"239",238,0.00000000000000000000000858819478053933,0.149730667903982,0.000104648016439784
"240",239,0.0000000000000000000000100152028487513,0.149595654119816,0.000104676337567123
"241",240,0.00000000000000000000000674247113407373,0.149458593685488,0.000104701842259191
"242",241,0.00000000000000000000000309680977157314,0.149319517781484,0.000104724561653261
"243",242,0.00000000000000000000000249914356846305,0.149178457220149,0.000104744526680384
"244",243,0.00000000000000000000000333866141634645,0.149035442449828,0.00010476176806414
"245",244,0.00000000000000000000000303844166943754,0.148890503558965,0.00010477631631949
"246",245,0.00000000000000000000000172792481009552,0.148743670280157,0.000104788201751714
"247",246,0.000000000000000000000000936888331950207,0.14859497199416,0.000104797454455443
"248",247,0.00000000000000000000000101998137944522,0.148444437733855,0.000104804104313779
"249",248,0.00000000000000000000000115238707421005,0.148292096188167,0.000104808180997493
"250",249,0.000000000000000000000000855391140379717,0.148137975705948,0.00010480971396431
"251",250,0.000000000000000000000000458576108966811,0.147982104299804,0.000104808732458274
"252",251,0.000000000000000000000000333365241574215,0.147824509649896,0.000104805265509182
"253",252,0.000000000000000000000000386703096117931,0.147665219107687,0.000104799341932102
"254",253,0.000000000000000000000000362441332747338,0.147504259699649,0.000104790990326955
"255",254,0.00000000000000000000000023236122340471,0.14734165813094,0.00010478023907817
"256",255,0.000000000000000000000000135089879439235,0.147177440789024,0.000104767116354407
"257",256,0.000000000000000000000000125384175408565,0.147011633747265,0.000104751650108338
"258",257,0.0000000000000000000000001344677294479,0.146844262768472,0.000104733868076506
"259",258,0.000000000000000000000000106655981381392,0.146675353308412,0.000104713797779225
"260",259,0.0000000000000000000000000640151068914149,0.146504930519275,0.000104691466520556
"261",260,0.000000000000000000000000044716077377376,0.146333019253113,0.000104666901388328
"262",261,0.0000000000000000000000000459737590040854,0.14615964406523,0.000104640129254224
"263",262,0.0000000000000000000000000433307245923341,0.14598482921754,0.000104611176773908
"264",263,0.0000000000000000000000000302859040686099,0.145808598681884,0.000104580070387216
"265",264,0.0000000000000000000000000187773921781412,0.145630976143317,0.000104546836318386
"266",265,0.0000000000000000000000000157819497066541,0.14545198500335,0.000104511500576342
"267",266,0.0000000000000000000000000159370226549633,0.145271648383163,0.000104474088955023
"268",267,0.0000000000000000000000000131772851615794,0.145089989126779,0.000104434627033753
"269",268,0.00000000000000000000000000860974829598943,0.1449070298042,0.000104393140177658
"270",269,0.00000000000000000000000000597410380669896,0.144722792714518,0.000104349653538122
"271",270,0.00000000000000000000000000558897940753551,0.144537299888977,0.000104304192053283
"272",271,0.00000000000000000000000000520948577044684,0.144350573094018,0.000104256780448569
"273",272,0.00000000000000000000000000387168005229082,0.144162633834271,0.000104207443237269
"274",273,0.00000000000000000000000000253940870744915,0.143973503355532,0.000104156204721139
"275",274,0.00000000000000000000000000201439496903693,0.143783202647692,0.000104103088991043
"276",275,0.00000000000000000000000000191813343748419,0.143591752447648,0.000104048119927631
"277",276,0.00000000000000000000000000162194879398533,0.143399173242163,0.000103991321202038
"278",277,0.00000000000000000000000000112986771045224,0.143205485270716,0.000103932716276625
"279",278,0.000000000000000000000000000791713005932501,0.143010708528299,0.000103872328405743
"280",279,0.000000000000000000000000000691320043112588,0.142814862768199,0.000103810180636524
"281",280,0.000000000000000000000000000631016368236963,0.142617967504741,0.000103746295809703
"282",281,0.00000000000000000000000000048912101448526,0.142420042016003,0.000103680696560462
"283",282,0.000000000000000000000000000336448980600788,0.142221105346497,0.0001036134053193
"284",283,0.000000000000000000000000000258848680698516,0.142021176309827,0.000103544444312928
"285",284,0.000000000000000000000000000234078309599172,0.141820273491311,0.000103473835565182
"286",285,0.00000000000000000000000000019960075227864,0.141618415250576,0.000103401600897964
"287",286,0.00000000000000000000000000014585070997946,0.141415619724125,0.000103327761932198
"288",287,0.000000000000000000000000000103964009927432,0.141211904827875,0.000103252340088809
"289",288,0.0000000000000000000000000000865683012384801,0.141007288259663,0.000103175356589718
"290",289,0.0000000000000000000000000000770557181900989,0.140801787501733,0.000103096832458859
"291",290,0.0000000000000000000000000000613725207177726,0.140595419823182,0.000103016788523205
"292",291,0.0000000000000000000000000000439008795093464,0.140388202282392,0.000102935245413822
"293",292,0.0000000000000000000000000000333265570127523,0.140180151729426,0.000102852223566929
"294",293,0.0000000000000000000000000000288963047648761,0.139971284808401,0.000102767743224972
"295",294,0.0000000000000000000000000000246125898577215,0.139761617959832,0.00010268182443772
"296",295,0.0000000000000000000000000000186216797216365,0.139551167422954,0.000102594487063368
"297",296,0.0000000000000000000000000000135333802725701,0.139339949238012,0.000102505750769651
"298",297,0.0000000000000000000000000000109264497496389,0.139127979248532,0.000102415635034974
"299",298,0.00000000000000000000000000000948338103009064,0.138915273103561,0.00010232415914955
"300",299,0.00000000000000000000000000000767439212823024,0.138701846259884,0.000102231342216551
"301",300,0.00000000000000000000000000000566421797668843,0.13848771398422,0.000102137203153266
"302",301,0.00000000000000000000000000000428706587138598,0.138272891355383,0.000102041760692265
"303",302,0.00000000000000000000000000000359915659512578,0.138057393266433,0.000101945033382583
"304",303,0.00000000000000000000000000000304468141605932,0.137841234426792,0.000101847039590897
"305",304,0.00000000000000000000000000000236063606439505,0.137624429364338,0.000101747797502721
"306",305,0.00000000000000000000000000000174827831490159,0.137406992427482,0.000101647325123604
"307",306,0.00000000000000000000000000000138540291127959,0.137188937787212,0.000101545640280331
"308",307,0.00000000000000000000000000000117526598465298,0.136970279439124,0.000101442760622138
"309",308,0.000000000000000000000000000000958520067264275,0.136751031205422,0.000101338703621922
"310",309,0.000000000000000000000000000000724875406745646,0.136531206736899,0.000101233486577465
"311",310,0.000000000000000000000000000000550218102572923,0.1363108195149,0.000101127126612654
"312",311,0.000000000000000000000000000000451206614663618,0.136089882853251,0.000101019640678712
"313",312,0.000000000000000000000000000000378022226806751,0.135868409900184,0.000100911045555427
"314",313,0.000000000000000000000000000000297934218990248,0.135646413640222,0.000100801357852386
"315",314,0.000000000000000000000000000000224419226483047,0.135423906896056,0.000100690594010211
"316",315,0.000000000000000000000000000000176040652704372,0.135200902330394,0.0001005787703018
"317",316,0.000000000000000000000000000000146492620883364,0.134977412447794,0.000100465902833564
"318",317,0.000000000000000000000000000000119745975732441,0.134753449596473,0.000100352007546669
"319",318,0.0000000000000000000000000000000922309279944714,0.134529025970096,0.000100237100218278
"320",319,0.0000000000000000000000000000000704168337185225,0.134304153609544,0.000100121196462797
"321",320,0.0000000000000000000000000000000568149405933705,0.134078844404671,0.000100004311733113
"322",321,0.0000000000000000000000000000000471051238162677,0.133853110096023,0.0000998864613218427
"323",322,0.0000000000000000000000000000000375077937741892,0.13362696227656,0.0000997676603625698
"324",323,0.0000000000000000000000000000000286623680549013,0.133400412393339,0.0000996479238310906
"325",324,0.0000000000000000000000000000000223826391858823,0.133173471749192,0.000099527266546654
"326",325,0.0000000000000000000000000000000183427241564378,0.132946151504374,0.0000994057031732011
"327",326,0.0000000000000000000000000000000149753650285485,0.132718462678206,0.0000992832482206031
"328",327,0.0000000000000000000000000000000116887205483736,0.132490416150684,0.0000991599160458985
"329",328,0.00000000000000000000000000000000898613995554911,0.132262022664082,0.0000990357208545268
"330",329,0.00000000000000000000000000000000717381886460177,0.132033292824532,0.0000989106767015605
"331",330,0.00000000000000000000000000000000588904916969553,0.131804237103586,0.0000987847974929349
"332",331,0.00000000000000000000000000000000471628099431418,0.131574865839762,0.0000986580969866745
"333",332,0.00000000000000000000000000000000364645142804627,0.13134518924007,0.0000985305887941167
"334",333,0.00000000000000000000000000000000284488674817229,0.131115217381526,0.0000984022863811323
"335",334,0.000000000000000000000000000000002304506491953,0.130884960212645,0.0000982732030693424
"336",335,0.00000000000000000000000000000000187551232048347,0.130654427554913,0.0000981433520373321
"337",336,0.00000000000000000000000000000000147749287089581,0.130423629104256,0.0000980127463218598
"338",337,0.00000000000000000000000000000000114376056634534,0.130192574432476,0.0000978813988190631
"339",338,0.000000000000000000000000000000000907223634988321,0.129961272988684,0.0000977493222856599
"340",339,0.000000000000000000000000000000000738297411875692,0.129729734100707,0.0000976165293401458
"341",340,0.000000000000000000000000000000000592825861773263,0.12949796697649,0.000097483032463987
"342",341,0.000000000000000000000000000000000462558246178881,0.129265980705468,0.0000973488440028075
"343",342,0.000000000000000000000000000000000361293531031581,0.129033784259937,0.0000972139761675732
"344",343,0.000000000000000000000000000000000290219805425467,0.128801386496402,0.0000970784410357697
"345",344,0.000000000000000000000000000000000235251649039913,0.128568796156907,0.0000969422505525753
"346",345,0.000000000000000000000000000000000186459855934042,0.128336021870359,0.0000968054165320298
"347",346,0.000000000000000000000000000000000145254035338946,0.128103072153827,0.0000966679506581962
"348",347,0.000000000000000000000000000000000114812867939413,0.127869955413838,0.0000965298644863187
"349",348,0.000000000000000000000000000000000092766016521709,0.127636679947645,0.0000963911694439739
"350",349,0.0000000000000000000000000000000000745302424522959,0.127403253944491,0.0000962518768322173
"351",350,0.0000000000000000000000000000000000585537157140031,0.127169685486857,0.0000961119978267229
"352",351,0.0000000000000000000000000000000000458363994716074,0.126935982551688,0.0000959715434789183
"353",352,0.0000000000000000000000000000000000366070527265461,0.126702153011619,0.0000958305247171125
"354",353,0.0000000000000000000000000000000000295516470848927,0.126468204636174,0.0000956889523476189
"355",354,0.0000000000000000000000000000000000235101559936396,0.126234145092962,0.0000955468370558709
"356",355,0.0000000000000000000000000000000000184133878575228,0.125999981948849,0.0000954041894075324
"357",356,0.0000000000000000000000000000000000145325796556629,0.125765722671126,0.0000952610198496017
"358",357,0.0000000000000000000000000000000000116758965490811,0.12553137462866,0.0000951173387115082
"359",358,0.0000000000000000000000000000000000093743538802215,0.125296945093032,0.000094973156206204
"360",359,0.00000000000000000000000000000000000740143132785405,0.125062441239661,0.0000948284824312484
"361",360,0.00000000000000000000000000000000000580909563668322,0.12482787014892,0.0000946833273698853
"362",361,0.00000000000000000000000000000000000462197487149125,0.124593238807233,0.0000945377008921152
"363",362,0.00000000000000000000000000000000000371697651055208,0.124358554108164,0.0000943916127557594
"364",363,0.00000000000000000000000000000000000296310625829902,0.124123822853492,0.0000942450726075183
"365",364,0.00000000000000000000000000000000000233090773832058,0.123889051754277,0.0000940980899840224
"366",365,0.00000000000000000000000000000000000183920237014843,0.123654247431909,0.0000939506743128769
"367",366,0.00000000000000000000000000000000000147141478732641,0.123419416419145,0.0000938028349136993
"368",367,0.00000000000000000000000000000000000117979903458876,0.123184565161144,0.00009365458099915
"369",368,0.000000000000000000000000000000000000934686339115028,0.122949700016477,0.0000935059216759564
"370",369,0.000000000000000000000000000000000000735515233806783,0.122714827258133,0.0000933568659459297
"371",370,0.000000000000000000000000000000000000583881939629094,0.122479953074515,0.0000932074227069747
"372",371,0.000000000000000000000000000000000000468016970916608,0.122245083570419,0.0000930576007540931
"373",372,0.000000000000000000000000000000000000373420131398018,0.122010224768008,0.0000929074087803791
"374",373,0.000000000000000000000000000000000000294751491644918,0.121775382607769,0.0000927568553780089
"375",374,0.000000000000000000000000000000000000232689517328184,0.121540562949466,0.0000926059490392222
"376",375,0.00000000000000000000000000000000000018559151565838,0.121305771573076,0.0000924546981572968
"377",376,0.00000000000000000000000000000000000014857334598753,0.121071014179715,0.0000923031110275173
"378",377,0.000000000000000000000000000000000000117968159988974,0.120836296392563,0.0000921511958481349
"379",378,0.0000000000000000000000000000000000000930505622908488,0.120601623757762,0.0000919989607213217
"380",379,0.0000000000000000000000000000000000000737779547619717,0.120367001745319,0.0000918464136541166
"381",380,0.0000000000000000000000000000000000000589793097763506,0.120132435749993,0.0000916935625593654
"382",381,0.0000000000000000000000000000000000000470640810130343,0.119897931092166,0.0000915404152566529
"383",382,0.0000000000000000000000000000000000000372439137368083,0.119663493018716,0.0000913869794732279
"384",383,0.0000000000000000000000000000000000000294276317522537,0.119429126703872,0.0000912332628449218
"385",384,0.000000000000000000000000000000000000023422295042623,0.119194837250059,0.0000910792729170592
"386",385,0.0000000000000000000000000000000000000187206396402723,0.118960629688741,0.0000909250171453626
"387",386,0.0000000000000000000000000000000000000148842292959986,0.118726508981242,0.0000907705028968484
"388",387,0.0000000000000000000000000000000000000117640380726739,0.118492480019574,0.0000906157374507174
"389",388,0.00000000000000000000000000000000000000932283924579161,0.118258547627239,0.0000904607279992374
"390",389,0.00000000000000000000000000000000000000743728747220625,0.118024716560032,0.0000903054816486188
"391",390,0.00000000000000000000000000000000000000593289321874902,0.117790991506835,0.0000901500054198834
"392",391,0.00000000000000000000000000000000000000470355564218015,0.117557377090395,0.0000899943062497261
"393",392,0.00000000000000000000000000000000000000372017861827172,0.117323877868104,0.0000898383909913694
"394",393,0.00000000000000000000000000000000000000295700397835843,0.117090498332756,0.0000896822664154113
"395",394,0.0000000000000000000000000000000000000023600102909382,0.116857242913311,0.0000895259392106658
"396",395,0.00000000000000000000000000000000000000187770823699675,0.116624115975636,0.0000893694159849967
"397",396,0.00000000000000000000000000000000000000148650968292359,0.11639112182325,0.0000892127032661444
"398",397,0.00000000000000000000000000000000000000117798560976859,0.116158264698051,0.000089055807502546
"399",398,0.000000000000000000000000000000000000000938273691952997,0.11592554878104,0.0000888987350641479
"400",399,0.000000000000000000000000000000000000000748076519516787,0.115692978193037,0.0000887414922432123
"401",400,0.000000000000000000000000000000000000000593811364819544,0.115460556995385,0.0000885840852551164
"402",401,0.000000000000000000000000000000000000000470129046895632,0.115228289190648,0.0000884265202391447
"403",402,0.000000000000000000000000000000000000000373384276455934,0.114996178723305,0.000088268803259275
"404",403,0.000000000000000000000000000000000000000297633562593153,0.114764229480429,0.0000881109403049572
"405",404,0.000000000000000000000000000000000000000236875382160813,0.114532445292364,0.0000879529372918855
"406",405,0.000000000000000000000000000000000000000187762920979916,0.114300829933392,0.0000877948000627639
"407",406,0.000000000000000000000000000000000000000148825137587386,0.11406938712239,0.0000876365343880649
"408",407,0.000000000000000000000000000000000000000118408346968403,0.113838120523488,0.0000874781459667818
"409",408,0.0000000000000000000000000000000000000000943471516798521,0.113607033746708,0.0000873196404271744
"410",409,0.0000000000000000000000000000000000000000749515968044029,0.113376130348605,0.0000871610233275076
"411",410,0.000000000000000000000000000000000000000059393343165667,0.113145413832897,0.0000870023001567842
"412",411,0.0000000000000000000000000000000000000000471514005790105,0.112914887651087,0.0000868434763354705
"413",412,0.0000000000000000000000000000000000000000375479829289218,0.112684555203078,0.000086684557216216
"414",413,0.0000000000000000000000000000000000000000298834867224686,0.112454419837788,0.0000865255480845661
"415",414,0.0000000000000000000000000000000000000000237099415754257,0.112224484853744,0.0000863664541596686
"416",415,0.0000000000000000000000000000000000000000187995531458013,0.111994753499684,0.0000862072805949742
"417",416,0.0000000000000000000000000000000000000000149459883498641,0.111765228975143,0.0000860480324789302
"418",417,0.0000000000000000000000000000000000000000119016149484755,0.111535914431033,0.0000858887148356677
"419",418,0.00000000000000000000000000000000000000000945943659391554,0.111306812970224,0.0000857293326256831
"420",419,0.00000000000000000000000000000000000000000750154627776081,0.111077927648106,0.0000855698907465132
"421",420,0.00000000000000000000000000000000000000000595439305491575,0.110849261473159,0.0000854103940334037
"422",421,0.00000000000000000000000000000000000000000473798554427412,0.110620817407501,0.0000852508472599719
"423",422,0.00000000000000000000000000000000000000000377031167905517,0.110392598367443,0.0000850912551388631
"424",423,0.00000000000000000000000000000000000000000299342239455924,0.110164607224032,0.0000849316223224015
"425",424,0.00000000000000000000000000000000000000000237440141296187,0.109936846803587,0.0000847719534032337
"426",425,0.00000000000000000000000000000000000000000188677755691232,0.109709319888231,0.0000846122529149679
"427",426,0.0000000000000000000000000000000000000000015016324004192,0.109482029216414,0.0000844525253328055
"428",427,0.00000000000000000000000000000000000000000119379549542127,0.109254977483436,0.0000842927750741681
"429",428,0.000000000000000000000000000000000000000000947283928455027,0.109028167341959,0.0000841330064993178
"430",429,0.00000000000000000000000000000000000000000075191218067066,0.108801601402512,0.0000839732239119717
"431",430,0.00000000000000000000000000000000000000000059796296112373,0.108575282233995,0.0000838134315599111
"432",431,0.000000000000000000000000000000000000000000475733140298563,0.108349212364178,0.0000836536336355841
"433",432,0.000000000000000000000000000000000000000000377878191294869,0.108123394280183,0.0000834938342767034
"434",433,0.000000000000000000000000000000000000000000299848777213446,0.107897830428977,0.0000833340375668379
"435",434,0.000000000000000000000000000000000000000000238201844635347,0.107672523217849,0.000083174247535998
"436",435,0.00000000000000000000000000000000000000000018949022720946,0.107447475014882,0.000083014468161217
"437",436,0.000000000000000000000000000000000000000000150658232169361,0.107222688149422,0.0000828547033671249
"438",437,0.000000000000000000000000000000000000000000119604417680317,0.106998164912543,0.0000826949570265182
"439",438,0.0000000000000000000000000000000000000000000949455480935506,0.106773907557505,0.0000825352329609236
"440",439,0.0000000000000000000000000000000000000000000754753241174073,0.106549918300203,0.0000823755349411559
"441",440,0.000000000000000000000000000000000000000000060032889101291,0.106326199319618,0.0000822158666878714
"442",441,0.0000000000000000000000000000000000000000000476983837710787,0.10610275275826,0.0000820562318721149
"443",442,0.0000000000000000000000000000000000000000000378617579797351,0.105879580722603,0.000081896634115862
"444",443,0.0000000000000000000000000000000000000000000300732795538993,0.105656685283516,0.0000817370769925561
"445",444,0.0000000000000000000000000000000000000000000239144724114663,0.105434068476698,0.0000815775640276398
"446",445,0.0000000000000000000000000000000000000000000190136071463247,0.105211732303092,0.0000814180986990813
"447",446,0.0000000000000000000000000000000000000000000150997512982749,0.104989678729308,0.0000812586844378957
"448",447,0.0000000000000000000000000000000000000000000119882809210576,0.104767909688033,0.000081099324628661
"449",448,0.00000000000000000000000000000000000000000000952725843440721,0.104546427078443,0.0000809400226100289
"450",449,0.00000000000000000000000000000000000000000000757619051081455,0.104325232766605,0.000080780781675231
"451",450,0.00000000000000000000000000000000000000000000602058692574706,0.104104328585875,0.0000806216050725795
"452",451,0.00000000000000000000000000000000000000000000478034432946728,0.103883716337293,0.0000804624960059633
"453",452,0.00000000000000000000000000000000000000000000379679289656541,0.103663397789975,0.0000803034576353387
"454",453,0.00000000000000000000000000000000000000000000301837074517895,0.103443374681497,0.0000801444930772158
"455",454,0.00000000000000000000000000000000000000000000239966201083377,0.103223648718278,0.0000799856054051394
"456",455,0.00000000000000000000000000000000000000000000190617220617922,0.103004221575952,0.0000798267976501658
"457",456,0.00000000000000000000000000000000000000000000151361208590796,0.10278509489975,0.0000796680728013342
"458",457,0.00000000000000000000000000000000000000000000120267971334036,0.102566270304857,0.0000795094338061337
"459",458,0.000000000000000000000000000000000000000000000956187048127771,0.102347749376786,0.0000793508835709654
"460",459,0.000000000000000000000000000000000000000000000759919538634715,0.102129533671732,0.0000791924249616002
"461",460,0.000000000000000000000000000000000000000000000603512966936994,0.10191162471693,0.0000790340608036314
"462",461,0.0000000000000000000000000000000000000000000004793439503357,0.101694024011009,0.0000788757938829234
"463",462,0.000000000000000000000000000000000000000000000380987973754843,0.101476733024334,0.0000787176269460552
"464",463,0.000000000000000000000000000000000000000000000302866511737161,0.101259753199358,0.00007855956270076
"465",464,0.00000000000000000000000000000000000000000000024062188763084,0.101043085950954,0.00007840160381636
"466",465,0.000000000000000000000000000000000000000000000191095380139688,0.100826732666756,0.0000782437529241965
"467",466,0.000000000000000000000000000000000000000000000151824489662929,0.10061069470749,0.0000780860126180565
"468",467,0.000000000000000000000000000000000000000000000120686658020047,0.100394973407304,0.0000779283854545939
"469",468,0.0000000000000000000000000000000000000000000000959171941740869,0.100179570074088,0.0000777708739537472
"470",469,0.0000000000000000000000000000000000000000000000761887898797643,0.0999644859898015,0.0000776134805991524
"471",470,0.0000000000000000000000000000000000000000000000605158010327522,0.0997497224107856,0.000077456207838552
"472",471,0.0000000000000000000000000000000000000000000000480914839669542,0.0995352805680792,0.0000772990580841997
"473",472,0.0000000000000000000000000000000000000000000000382267708764467,0.0993211616677289,0.0000771420337132609
"474",473,0.0000000000000000000000000000000000000000000000303736351849229,0.0991073668910953,0.000076985137068209
"475",474,0.0000000000000000000000000000000000000000000000241249922463033,0.0988938973951562,0.0000768283704572177
"476",475,0.0000000000000000000000000000000000000000000000191662558627946,0.0986807543128061,0.0000766717361545494
"477",476,0.0000000000000000000000000000000000000000000000152333179101665,0.0984679387531528,0.0000765152364009395
"478",477,0.0000000000000000000000000000000000000000000000121067921948413,0.0982554518018096,0.0000763588734039764
"479",478,0.00000000000000000000000000000000000000000000000961787802790773,0.0980432945211857,0.0000762026493384779
"480",479,0.0000000000000000000000000000000000000000000000076397752496323,0.0978314679507713,0.0000760465663468639
"481",480,0.00000000000000000000000000000000000000000000000607067094899574,0.0976199731074214,0.0000758906265395245
"482",481,0.00000000000000000000000000000000000000000000000482500222392694,0.0974088109856348,0.0000757348319951852
"483",482,0.00000000000000000000000000000000000000000000000383400489890037,0.0971979825578312,0.0000755791847612673
"484",483,0.00000000000000000000000000000000000000000000000304557462757939,0.0969874887746238,0.0000754236868542454
"485",484,0.00000000000000000000000000000000000000000000000241953810627154,0.09677733056509,0.0000752683402600008
"486",485,0.00000000000000000000000000000000000000000000000192284233225997,0.0965675088370384,0.0000751131469341712
"487",486,0.00000000000000000000000000000000000000000000000152815443991397,0.0963580244772724,0.0000749581088024965
"488",487,0.00000000000000000000000000000000000000000000000121410562685576,0.0961488783518519,0.0000748032277611616
"489",488,0.000000000000000000000000000000000000000000000000964457270562699,0.0959400713063506,0.0000746485056771351
"490",489,0.000000000000000000000000000000000000000000000000766323186794432,0.0957316041661115,0.0000744939443885046
"491",490,0.00000000000000000000000000000000000000000000000060903016448025,0.095523477736499,0.0000743395457048083
"492",491,0.000000000000000000000000000000000000000000000000483956726505295,0.0953156928031478,0.0000741853114073635
"493",492,0.000000000000000000000000000000000000000000000000384467680069287,0.0951082501322097,0.0000740312432495914
"494",493,0.000000000000000000000000000000000000000000000000305439494942735,0.094901150470597,0.0000738773429573381
"495",494,0.000000000000000000000000000000000000000000000000242718393868363,0.0946943945462231,0.0000737236122291931
"496",495,0.000000000000000000000000000000000000000000000000192890773362716,0.0944879830682407,0.0000735700527368037
"497",496,0.000000000000000000000000000000000000000000000000153259260144106,0.0942819167272771,0.0000734166661251862
"498",497,0.000000000000000000000000000000000000000000000000121752270235539,0.0940761961956667,0.0000732634540130339
"499",498,0.0000000000000000000000000000000000000000000000000967365535462848,0.0938708221276807,0.0000731104179930219
"500",499,0.0000000000000000000000000000000000000000000000000768757198777804,0.0936657951597547,0.0000729575596321087
"501",500,0.0000000000000000000000000000000000000000000000000610886728701098,0.0934611159107133,0.0000728048804718344
"502",501,0.0000000000000000000000000000000000000000000000000485335409473135,0.0932567849819919,0.0000726523820286156
"503",502,0.0000000000000000000000000000000000000000000000000385579939712762,0.0930528029578566,0.0000725000657940376
"504",503,0.0000000000000000000000000000000000000000000000000306385579632808,0.0928491704056209,0.0000723479332351434
"505",504,0.0000000000000000000000000000000000000000000000000243478966940941,0.0926458878758605,0.0000721959857947189
"506",505,0.0000000000000000000000000000000000000000000000000193460791566986,0.0924429559026249,0.0000720442248915763
"507",506,0.0000000000000000000000000000000000000000000000000153696569208589,0.0922403750036476,0.0000718926519208335
"508",507,0.0000000000000000000000000000000000000000000000000122115384739047,0.0920381456805528,0.0000717412682541907
"509",508,0.00000000000000000000000000000000000000000000000000970390566216013,0.0918362684190604,0.0000715900752402043
"510",509,0.00000000000000000000000000000000000000000000000000771110189736169,0.0916347436891886,0.0000714390742045577
"511",510,0.00000000000000000000000000000000000000000000000000612658079642908,0.0914335719454537,0.0000712882664503291
"512",511,0.00000000000000000000000000000000000000000000000000486743217798072,0.0912327536270684,0.0000711376532582566
"513",512,0.00000000000000000000000000000000000000000000000000386756943413824,0.0910322891581367,0.0000709872358870007
"514",513,0.0000000000000000000000000000000000000000000000000030733821313501,0.0908321789478479,0.0000708370155734028
"515",514,0.0000000000000000000000000000000000000000000000000024420650289908,0.0906324233906671,0.0000706869935327427
"516",515,0.00000000000000000000000000000000000000000000000000194019651371534,0.0904330228665245,0.000070537170958992
"517",516,0.00000000000000000000000000000000000000000000000000154152259329143,0.0902339777410017,0.000070387549025065
"518",517,0.00000000000000000000000000000000000000000000000000122492376646444,0.0900352883655166,0.0000702381288830674
"519",518,0.000000000000000000000000000000000000000000000000000973361993129972,0.0898369550775057,0.0000700889116645417
"520",519,0.000000000000000000000000000000000000000000000000000773375426058703,0.0896389782006043,0.0000699398984807105
"521",520,0.000000000000000000000000000000000000000000000000000614443299305734,0.0894413580448247,0.0000697910904227165
"522",521,0.000000000000000000000000000000000000000000000000000488214084798812,0.0892440949067328,0.0000696424885618607
"523",522,0.000000000000000000000000000000000000000000000000000387950162660984,0.0890471890696217,0.0000694940939498373
"524",523,0.000000000000000000000000000000000000000000000000000308262620726725,0.088850640803684,0.0000693459076189666
"525",524,0.000000000000000000000000000000000000000000000000000244919306402693,0.0886544503661823,0.0000691979305824249
"526",525,0.000000000000000000000000000000000000000000000000000194593521663318,0.0884586180016169,0.0000690501638344723
"527",526,0.000000000000000000000000000000000000000000000000000154623377424691,0.0882631439418923,0.0000689026083506778
"528",527,0.000000000000000000000000000000000000000000000000000122866831970858,0.0880680284064815,0.000068755265088142
"529",528,0.0000000000000000000000000000000000000000000000000000976247817439201,0.0878732716025883,0.0000686081349857174
"530",529,0.0000000000000000000000000000000000000000000000000000775640671208736,0.0876788737253081,0.0000684612189642262
"531",530,0.000000000000000000000000000000000000000000000000000061628789992705,0.0874848349577863,0.0000683145179266762
"532",531,0.0000000000000000000000000000000000000000000000000000489709698331697,0.0872911554713752,0.0000681680327584733
"533",532,0.0000000000000000000000000000000000000000000000000000389121040502755,0.0870978354257893,0.0000680217643276329
"534",533,0.0000000000000000000000000000000000000000000000000000309169905780072,0.0869048749692583,0.0000678757134849882
"535",534,0.0000000000000000000000000000000000000000000000000000245643618254551,0.0867122742386786,0.0000677298810643962
"536",535,0.0000000000000000000000000000000000000000000000000000195183745680928,0.0865200333597629,0.0000675842678829425
"537",536,0.0000000000000000000000000000000000000000000000000000155094765442045,0.0863281524471887,0.0000674388747411419
"538",537,0.0000000000000000000000000000000000000000000000000000123233381887579,0.0861366316047438,0.000067293702423139
"539",538,0.00000000000000000000000000000000000000000000000000000979121809851716,0.0859454709254716,0.0000671487516969049
"540",539,0.00000000000000000000000000000000000000000000000000000777960088625692,0.0857546704918134,0.0000670040233144328
"541",540,0.00000000000000000000000000000000000000000000000000000618164489584786,0.0855642303757502,0.0000668595180119307
"542",541,0.00000000000000000000000000000000000000000000000000000491189669800215,0.0853741506389418,0.0000667152365100125
"543",542,0.00000000000000000000000000000000000000000000000000000390273651064489,0.085184431332865,0.000066571179513887
"544",543,0.00000000000000000000000000000000000000000000000000000310085276130865,0.0849950724989501,0.0000664273477135443
"545",544,0.00000000000000000000000000000000000000000000000000000246384642757816,0.0848060741687156,0.0000662837417839407
"546",545,0.0000000000000000000000000000000000000000000000000000019577694581969,0.0846174363639013,0.0000661403623851814
"547",546,0.00000000000000000000000000000000000000000000000000000155559302524548,0.0844291590966001,0.0000659972101627012
"548",547,0.00000000000000000000000000000000000000000000000000000123597819077722,0.0842412423693883,0.0000658542857474428
"549",548,0.000000000000000000000000000000000000000000000000000000982043754035674,0.0840536861754541,0.0000657115897560339
"550",549,0.000000000000000000000000000000000000000000000000000000780317391199813,0.0838664904987244,0.0000655691227909618
"551",550,0.000000000000000000000000000000000000000000000000000000620032703330252,0.0836796553139914,0.0000654268854407462
"552",551,0.000000000000000000000000000000000000000000000000000000492651495642154,0.0834931805870358,0.0000652848782801098
"553",552,0.000000000000000000000000000000000000000000000000000000391431205419705,0.0833070662747502,0.0000651431018701479
"554",553,0.000000000000000000000000000000000000000000000000000000311017238755609,0.08312131232526,0.000065001556758495
"555",554,0.000000000000000000000000000000000000000000000000000000247131186467972,0.0829359186780439,0.0000648602434794904
"556",555,0.000000000000000000000000000000000000000000000000000000196364702767713,0.0827508852640517,0.0000647191625543415
"557",556,0.000000000000000000000000000000000000000000000000000000156021094656432,0.0825662120058221,0.0000645783144912854
"558",557,0.000000000000000000000000000000000000000000000000000000123966384130666,0.0823818988175979,0.000064437699785749
"559",558,0.0000000000000000000000000000000000000000000000000000000985008171268885,0.0821979456054411,0.0000642973189205065
"560",559,0.000000000000000000000000000000000000000000000000000000078267392841108,0.0820143522673451,0.0000641571723658366
"561",560,0.0000000000000000000000000000000000000000000000000000000621884147443892,0.0818311186933475,0.0000640172605796761
"562",561,0.0000000000000000000000000000000000000000000000000000000494115595422827,0.0816482447656397,0.0000638775840077734
"563",562,0.0000000000000000000000000000000000000000000000000000000392604866003322,0.0814657303586764,0.0000637381430838395
"564",563,0.0000000000000000000000000000000000000000000000000000000311957061071796,0.0812835753392838,0.0000635989382296974
"565",564,0.0000000000000000000000000000000000000000000000000000000247873999640844,0.0811017795667657,0.00006345996985543
"566",565,0.0000000000000000000000000000000000000000000000000000000196949413302561,0.0809203428930092,0.0000633212383595259
"567",566,0.0000000000000000000000000000000000000000000000000000000156486360430689,0.080739265162589,0.0000631827441290246
"568",567,0.000000000000000000000000000000000000000000000000000000012433953777353,0.0805585462128699,0.0000630444875396587
"569",568,0.00000000000000000000000000000000000000000000000000000000987979595536754,0.0803781858741089,0.0000629064689559958
"570",569,0.00000000000000000000000000000000000000000000000000000000785016290315861,0.0801981839695557,0.0000627686887315778
"571",570,0.00000000000000000000000000000000000000000000000000000000623735842709645,0.0800185403155519,0.0000626311472090593
"572",571,0.00000000000000000000000000000000000000000000000000000000495595086009663,0.0798392547216295,0.0000624938447203443
"573",572,0.00000000000000000000000000000000000000000000000000000000393788510457924,0.0796603269906076,0.0000623567815867208
"574",573,0.00000000000000000000000000000000000000000000000000000000312895124522161,0.0794817569186884,0.0000622199581189952
"575",574,0.00000000000000000000000000000000000000000000000000000000248613821053853,0.0793035442955524,0.0000620833746176237
"576",575,0.00000000000000000000000000000000000000000000000000000000197537015933858,0.0791256889044514,0.0000619470313728432
"577",576,0.00000000000000000000000000000000000000000000000000000000156956461143585,0.0789481905223017,0.0000618109286648004
"578",577,0.00000000000000000000000000000000000000000000000000000000124714172597209,0.0787710489197752,0.0000616750667636796
"579",578,0.000000000000000000000000000000000000000000000000000000000990940608032072,0.0785942638613899,0.0000615394459298285
"580",579,0.000000000000000000000000000000000000000000000000000000000787357688075422,0.0784178351055993,0.0000614040664138838
"581",580,0.000000000000000000000000000000000000000000000000000000000625602139777761,0.0782417624048808,0.000061268928456894
"582",581,0.00000000000000000000000000000000000000000000000000000000049708648234005,0.0780660455058228,0.0000611340322904416
"583",582,0.000000000000000000000000000000000000000000000000000000000394972587897568,0.0778906841492109,0.0000609993781367642
"584",583,0.000000000000000000000000000000000000000000000000000000000313830626181676,0.0777156780701132,0.0000608649662088729
"585",584,0.000000000000000000000000000000000000000000000000000000000249356085707385,0.0775410269979648,0.0000607307967106713
"586",585,0.000000000000000000000000000000000000000000000000000000000198129636414547,0.0773667306566505,0.0000605968698370715
"587",586,0.000000000000000000000000000000000000000000000000000000000157428820333291,0.0771927887645872,0.0000604631857741096
"588",587,0.000000000000000000000000000000000000000000000000000000000125088254527626,0.0770192010348056,0.0000603297446990597
"589",588,0.0000000000000000000000000000000000000000000000000000000000993900395844277,0.0768459671750299,0.0000601965467805466
"590",589,0.0000000000000000000000000000000000000000000000000000000000789712997855388,0.0766730868877575,0.0000600635921786574
"591",590,0.0000000000000000000000000000000000000000000000000000000000627482105393205,0.0765005598703374,0.0000599308810450517
"592",591,0.0000000000000000000000000000000000000000000000000000000000498580696536688,0.0763283858150477,0.0000597984135230703
"593",592,0.0000000000000000000000000000000000000000000000000000000000396154924502372,0.0761565644091722,0.0000596661897478432
"594",593,0.0000000000000000000000000000000000000000000000000000000000314768315107164,0.0759850953350758,0.000059534209846396
"595",594,0.0000000000000000000000000000000000000000000000000000000000250103527825636,0.0758139782702797,0.0000594024739377551
"596",595,0.0000000000000000000000000000000000000000000000000000000000198725290736129,0.0756432128875352,0.0000592709821330522
"597",596,0.00000000000000000000000000000000000000000000000000000000001579012231425,0.0754727988548964,0.0000591397345356265
"598",597,0.0000000000000000000000000000000000000000000000000000000000125462297237228,0.0753027358357927,0.0000590087312411273
"599",598,0.00000000000000000000000000000000000000000000000000000000000996873693450443,0.0751330234891,0.0000588779723376139
"600",599,0.00000000000000000000000000000000000000000000000000000000000792083653772829,0.0749636614692112,0.0000587474579056556
"601",600,0.00000000000000000000000000000000000000000000000000000000000629367456017362,0.0747946494261056,0.0000586171880184296
"602",601,0.00000000000000000000000000000000000000000000000000000000000500074397283274,0.0746259870054179,0.0000584871627418184
"603",602,0.00000000000000000000000000000000000000000000000000000000000397339446005381,0.0744576738485062,0.000058357382134506
"604",603,0.00000000000000000000000000000000000000000000000000000000000315711366459119,0.074289709592519,0.0000582278462480727
"605",604,0.00000000000000000000000000000000000000000000000000000000000250854787232809,0.0741220938704618,0.0000580985551270894
"606",605,0.00000000000000000000000000000000000000000000000000000000000199321692498948,0.0739548263112623,0.0000579695088092098
"607",606,0.00000000000000000000000000000000000000000000000000000000000158373792857817,0.0737879065398357,0.000057840707325263
"608",607,0.00000000000000000000000000000000000000000000000000000000000125837699836267,0.0736213341771481,0.0000577121506993436
"609",608,0.000000000000000000000000000000000000000000000000000000000000999864035529302,0.0734551088402805,0.0000575838389489019
"610",609,0.000000000000000000000000000000000000000000000000000000000000794462454506372,0.0732892301424907,0.0000574557720848321
"611",610,0.0000000000000000000000000000000000000000000000000000000000006312539461903,0.0731236976932751,0.0000573279501115605
"612",611,0.000000000000000000000000000000000000000000000000000000000000501570596490111,0.0729585110984303,0.000057200373027132
"613",612,0.000000000000000000000000000000000000000000000000000000000000398529597499449,0.0727936699601126,0.0000570730408232955
"614",613,0.000000000000000000000000000000000000000000000000000000000000316659046527461,0.0726291738768982,0.000056945953485589
"615",614,0.00000000000000000000000000000000000000000000000000000000000025160760870021,0.0724650224438418,0.0000568191109934231
"616",615,0.000000000000000000000000000000000000000000000000000000000000199918604414909,0.0723012152525346,0.0000566925133201641
"617",616,0.000000000000000000000000000000000000000000000000000000000000158847802593617,0.0721377518911621,0.0000565661604332153
"618",617,0.000000000000000000000000000000000000000000000000000000000000126214992788978,0.0719746319445607,0.0000564400522940984
"619",618,0.000000000000000000000000000000000000000000000000000000000000100286551147395,0.0718118549942736,0.0000563141888585332
"620",619,0.0000000000000000000000000000000000000000000000000000000000000796844501002083,0.0716494206186065,0.0000561885700765168
"621",620,0.0000000000000000000000000000000000000000000000000000000000000633143630097425,0.0714873283926823,0.0000560631958924016
"622",621,0.00000000000000000000000000000000000000000000000000000000000005030728422324,0.0713255778884952,0.0000559380662449725
"623",622,0.0000000000000000000000000000000000000000000000000000000000000399725248098215,0.0711641686749638,0.0000558131810675237
"624",623,0.0000000000000000000000000000000000000000000000000000000000000317609223747347,0.0710031003179846,0.0000556885402879334
"625",624,0.0000000000000000000000000000000000000000000000000000000000000252361436774833,0.0708423723804833,0.0000555641438287392
"626",625,0.0000000000000000000000000000000000000000000000000000000000000200517131887462,0.070681984422467,0.0000554399916072114
"627",626,0.0000000000000000000000000000000000000000000000000000000000000159323922337136,0.070521936001075,0.0000553160835354261
"628",627,0.0000000000000000000000000000000000000000000000000000000000000126593727770521,0.0703622266706288,0.000055192419520337
"629",628,0.0000000000000000000000000000000000000000000000000000000000000100587283405399,0.0702028559826821,0.0000550689994638469
"630",629,0.00000000000000000000000000000000000000000000000000000000000000799230890221165,0.0700438234860697,0.0000549458232628782
"631",630,0.0000000000000000000000000000000000000000000000000000000000000063504000260246,0.0698851287269561,0.000054822890809442
"632",631,0.00000000000000000000000000000000000000000000000000000000000000504581559895191,0.0697267712488833,0.0000547002019907074
"633",632,0.00000000000000000000000000000000000000000000000000000000000000400924469243408,0.0695687505928185,0.0000545777566890693
"634",633,0.00000000000000000000000000000000000000000000000000000000000000318561076652927,0.0694110662972002,0.0000544555547822157
"635",634,0.00000000000000000000000000000000000000000000000000000000000000253117178273092,0.069253717897985,0.0000543335961431939
"636",635,0.00000000000000000000000000000000000000000000000000000000000000201118044520781,0.069096704928693,0.0000542118806404765
"637",636,0.0000000000000000000000000000000000000000000000000000000000000015980185305761,0.0689400269204527,0.000054090408138026
"638",637,0.00000000000000000000000000000000000000000000000000000000000000126973363127165,0.068783683402046,0.0000539691784953592
"639",638,0.0000000000000000000000000000000000000000000000000000000000000010088861840717,0.0686276738999517,0.0000538481915676104
"640",639,0.000000000000000000000000000000000000000000000000000000000000000801624924055188,0.0684719979383891,0.0000537274472055944
"641",640,0.000000000000000000000000000000000000000000000000000000000000000636943979940285,0.0683166550393611,0.0000536069452558679
"642",641,0.000000000000000000000000000000000000000000000000000000000000000506095088010365,0.0681616447226964,0.0000534866855607914
"643",642,0.000000000000000000000000000000000000000000000000000000000000000402126232347345,0.0680069665060915,0.0000533666679585891
"644",643,0.000000000000000000000000000000000000000000000000000000000000000319515293805726,0.0678526199051521,0.0000532468922834093
"645",644,0.000000000000000000000000000000000000000000000000000000000000000253875661990608,0.0676986044334338,0.0000531273583653828
"646",645,0.000000000000000000000000000000000000000000000000000000000000000201721192404463,0.0675449196024826,0.0000530080660306823
"647",646,0.000000000000000000000000000000000000000000000000000000000000000160281064392958,0.0673915649218747,0.000052889015101579
"648",647,0.000000000000000000000000000000000000000000000000000000000000000127353832969156,0.067238539899256,0.0000527702053965008
"649",648,0.000000000000000000000000000000000000000000000000000000000000000101190855162799,0.067085844040381,0.0000526516367300878
"650",649,0.0000000000000000000000000000000000000000000000000000000000000000804027929790025,0.0669334768491509,0.0000525333089132487
"651",650,0.0000000000000000000000000000000000000000000000000000000000000000638854215287881,0.0667814378276523,0.0000524152217532154
"652",651,0.0000000000000000000000000000000000000000000000000000000000000000507612253489086,0.0666297264761936,0.0000522973750535981
"653",652,0.0000000000000000000000000000000000000000000000000000000000000000403330999132992,0.0664783422933431,0.0000521797686144382
"654",653,0.0000000000000000000000000000000000000000000000000000000000000000320472724020878,0.066327284775965,0.0000520624022322626
"655",654,0.0000000000000000000000000000000000000000000000000000000000000000254636880860408,0.0661765534192555,0.0000519452757001353
"656",655,0.0000000000000000000000000000000000000000000000000000000000000000202326078179353,0.0660261477167787,0.0000518283888077098
"657",656,0.0000000000000000000000000000000000000000000000000000000000000000160761417052572,0.0658760671605017,0.0000517117413412807
"658",657,0.0000000000000000000000000000000000000000000000000000000000000000127735395666,0.0657263112408295,0.0000515953330838339
"659",658,0.0000000000000000000000000000000000000000000000000000000000000000101494158560317,0.0655768794466394,0.0000514791638150969
"660",659,0.00000000000000000000000000000000000000000000000000000000000000000806438905826707,0.0654277712653146,0.0000513632333115889
"661",660,0.00000000000000000000000000000000000000000000000000000000000000000640769454519925,0.0652789861827782,0.0000512475413466689
"662",661,0.00000000000000000000000000000000000000000000000000000000000000000509133293149924,0.0651305236835261,0.0000511320876905848
"663",662,0.00000000000000000000000000000000000000000000000000000000000000000404539602089247,0.0649823832506595,0.000051016872110521
"664",663,0.00000000000000000000000000000000000000000000000000000000000000000321433491530552,0.0648345643659177,0.0000509018943706457
"665",664,0.00000000000000000000000000000000000000000000000000000000000000000255400389065564,0.0646870665097094,0.0000507871542321575
"666",665,0.00000000000000000000000000000000000000000000000000000000000000000202932501966573,0.0645398891611445,0.0000506726514533317
"667",666,0.00000000000000000000000000000000000000000000000000000000000000000161243121923612,0.0643930317980655,0.0000505583857895659
"668",667,0.00000000000000000000000000000000000000000000000000000000000000000128118238827243,0.0642464938970774,0.0000504443569934251
"669",668,0.00000000000000000000000000000000000000000000000000000000000000000101798464355076,0.0641002749335789,0.0000503305648146861
"670",669,0.000000000000000000000000000000000000000000000000000000000000000000808856578663601,0.0639543743817919,0.0000502170090003819
"671",670,0.00000000000000000000000000000000000000000000000000000000000000000064268972105965,0.063808791714791,0.0000501036892948449
"672",671,0.000000000000000000000000000000000000000000000000000000000000000000510658990962393,0.0636635264045331,0.0000499906054397497
"673",672,0.000000000000000000000000000000000000000000000000000000000000000000405752280927283,0.0635185779218858,0.0000498777571741562
"674",673,0.000000000000000000000000000000000000000000000000000000000000000000322397216964743,0.0633739457366561,0.000049765144234551
"675",674,0.000000000000000000000000000000000000000000000000000000000000000000256165940486844,0.0632296293176187,0.0000496527663548893
"676",675,0.000000000000000000000000000000000000000000000000000000000000000000203540623025405,0.0630856281325434,0.0000495406232666356
"677",676,0.000000000000000000000000000000000000000000000000000000000000000000161726379862752,0.0629419416482226,0.0000494287146988044
"678",677,0.000000000000000000000000000000000000000000000000000000000000000000128502333953505,0.0627985693304988,0.000049317040378
"679",678,0.000000000000000000000000000000000000000000000000000000000000000000102103649013184,0.0626555106442907,0.0000492056000284564
"680",679,0.0000000000000000000000000000000000000000000000000000000000000000000811280778169483,0.0625127650536199,0.0000490943933720759
"681",680,0.0000000000000000000000000000000000000000000000000000000000000000000644615723365939,0.0623703320216372,0.0000489834201284684
"682",681,0.0000000000000000000000000000000000000000000000000000000000000000000512189683114865,0.0622282110106478,0.0000488726800149889
"683",682,0.0000000000000000000000000000000000000000000000000000000000000000000406968733733495,0.0620864014821372,0.0000487621727467754
"684",683,0.0000000000000000000000000000000000000000000000000000000000000000000323363623144302,0.0619449028967958,0.0000486518980367864
"685",684,0.0000000000000000000000000000000000000000000000000000000000000000000256933641268747,0.0618037147145443,0.0000485418555958373
"686",685,0.0000000000000000000000000000000000000000000000000000000000000000000204150646370332,0.0616628363945575,0.0000484320451326373
"687",686,0.0000000000000000000000000000000000000000000000000000000000000000000162211196545269,0.0615222673952888,0.0000483224663538249
"688",687,0.000000000000000000000000000000000000000000000000000000000000000000012888756647783,0.061382007174494,0.0000482131189640033
"689",688,0.0000000000000000000000000000000000000000000000000000000000000000000102409678837346,0.0612420551892546,0.000048104002665776
"690",689,0.00000000000000000000000000000000000000000000000000000000000000000000813712116259646,0.0611024108960013,0.0000479951171597812
"691",690,0.00000000000000000000000000000000000000000000000000000000000000000000646547873065755,0.060963073750537,0.0000478864621447257
"692",691,0.0000000000000000000000000000000000000000000000000000000000000000000051372515220114,0.060824043208059,0.0000477780373174195
"693",692,0.00000000000000000000000000000000000000000000000000000000000000000000408188667615031,0.0606853187231816,0.0000476698423728084
"694",693,0.00000000000000000000000000000000000000000000000000000000000000000000324332764132029,0.0605468997499584,0.0000475618770040077
"695",694,0.00000000000000000000000000000000000000000000000000000000000000000000257703692253049,0.0604087857419034,0.0000474541409023344
"696",695,0.0000000000000000000000000000000000000000000000000000000000000000000020476260909104,0.0602709761520135,0.0000473466337573396
"697",696,0.00000000000000000000000000000000000000000000000000000000000000000000162697470773134,0.0601334704327885,0.0000472393552568404
"698",697,0.0000000000000000000000000000000000000000000000000000000000000000000012927388921813,0.0599962680362532,0.0000471323050869513
"699",698,0.00000000000000000000000000000000000000000000000000000000000000000000102716603903498,0.0598593684139771,0.0000470254829321153
"700",699,0.000000000000000000000000000000000000000000000000000000000000000000000816151058071078,0.0597227710170956,0.0000469188884751345
"701",700,0.000000000000000000000000000000000000000000000000000000000000000000000648486040475165,0.0595864752963295,0.0000468125213972007
"702",701,0.000000000000000000000000000000000000000000000000000000000000000000000515265104523147,0.0594504807020053,0.0000467063813779253
"703",702,0.000000000000000000000000000000000000000000000000000000000000000000000409412087883066,0.0593147866840747,0.0000466004680953685
"704",703,0.000000000000000000000000000000000000000000000000000000000000000000000325304829341319,0.0591793926921338,0.0000464947812260693
"705",704,0.000000000000000000000000000000000000000000000000000000000000000000000258476158241785,0.0590442981754424,0.0000463893204450738
"706",705,0.00000000000000000000000000000000000000000000000000000000000000000000020537642691501,0.0589095025829428,0.000046284085425964
"707",706,0.000000000000000000000000000000000000000000000000000000000000000000000163185145443375,0.0587750053632782,0.0000461790758408859
"708",707,0.000000000000000000000000000000000000000000000000000000000000000000000129661340333652,0.0586408059648117,0.0000460742913605775
"709",708,0.000000000000000000000000000000000000000000000000000000000000000000000103024473905008,0.0585069038356436,0.0000459697316543962
"710",709,0.0000000000000000000000000000000000000000000000000000000000000000000000818597561310833,0.0583732984236298,0.000045865396390346
"711",710,0.0000000000000000000000000000000000000000000000000000000000000000000000650429945043883,0.0582399891763994,0.0000457612852351044
"712",711,0.0000000000000000000000000000000000000000000000000000000000000000000000516809501979183,0.058106975541372,0.0000456573978540491
"713",712,0.0000000000000000000000000000000000000000000000000000000000000000000000410639166593799,0.0579742569657749,0.0000455537339112838
"714",713,0.0000000000000000000000000000000000000000000000000000000000000000000000326279906915178,0.0578418328966601,0.0000454502930696644
"715",714,0.0000000000000000000000000000000000000000000000000000000000000000000000259250974551986,0.0577097027809212,0.0000453470749908244
"716",715,0.0000000000000000000000000000000000000000000000000000000000000000000000205992036586895,0.0575778660653096,0.0000452440793352005
"717",716,0.0000000000000000000000000000000000000000000000000000000000000000000000163674246649976,0.0574463221964509,0.000045141305762057
"718",717,0.0000000000000000000000000000000000000000000000000000000000000000000000130049970650314,0.0573150706208611,0.0000450387539295109
"719",718,0.0000000000000000000000000000000000000000000000000000000000000000000000103333293007487,0.0571841107849625,0.000044936423494556
"720",719,0.00000000000000000000000000000000000000000000000000000000000000000000000821051371159887,0.0570534421350989,0.000044834314113087
"721",720,0.00000000000000000000000000000000000000000000000000000000000000000000000652379512272021,0.0569230641175518,0.0000447324254399235
"722",721,0.00000000000000000000000000000000000000000000000000000000000000000000000518358494851766,0.0567929761785548,0.0000446307571288329
"723",722,0.0000000000000000000000000000000000000000000000000000000000000000000000041187001047592,0.0566631777643093,0.0000445293088325541
"724",723,0.00000000000000000000000000000000000000000000000000000000000000000000000327257953533223,0.056533668320999,0.00004442808020282
"725",724,0.00000000000000000000000000000000000000000000000000000000000000000000000260028075600344,0.0564044472948045,0.0000443270708903805
"726",725,0.0000000000000000000000000000000000000000000000000000000000000000000000020660945260959,0.056275514131918,0.0000442262805450245
"727",726,0.00000000000000000000000000000000000000000000000000000000000000000000000164164824520482,0.056146868278557,0.0000441257088156019
"728",727,0.00000000000000000000000000000000000000000000000000000000000000000000000130439792128939,0.0560185091809791,0.0000440253553500455
"729",728,0.00000000000000000000000000000000000000000000000000000000000000000000000103643039393797,0.0558904362854952,0.0000439252197953928
"730",729,0.000000000000000000000000000000000000000000000000000000000000000000000000823512385055141,0.0557626490384833,0.0000438253017978067
"731",730,0.000000000000000000000000000000000000000000000000000000000000000000000000654334867884204,0.0556351468864024,0.0000437256010025967
