"","V1","V2","V3","V4"
"1",0,5,0,5
"2",1,37.0096054826443,0.000426704206087673,12.228805502724
"3",2,29.6570893488694,0.00097994884440668,9.77910310960448
"4",3,23.5654717375535,0.00164989688570179,7.77030723511777
"5",4,18.7235766625083,0.00242733801990604,6.1737773481522
"6",5,14.8765408113159,0.0033036528585581,4.90528642711711
"7",6,11.8198943285784,0.00427077455184711,3.89741249700622
"8",7,9.39130031445619,0.00532115708811267,3.09662789261847
"9",8,7.4617044064494,0.00644774038148658,2.46037904771811
"10",9,5.92857124872113,0.00764392086716457,1.95485669794951
"11",10,4.71044702652183,0.00890352321377657,1.55320284988627
"12",11,3.74260673463083,0.0102207734015733,1.23407564935364
"13",12,2.97362716540438,0.0115902738781067,0.980519129288153
"14",13,2.36264590845408,0.0130069800286155,0.779059676771088
"15",14,1.87720065253029,0.0144661783432254,0.618993407009091
"16",15,1.49150121026216,0.0159634659375168,0.49181648376692
"17",16,1.18504832622368,0.017494730575827,0.390769672538825
"18",17,0.941560526885626,0.0190561333085629,0.310484385728428
"19",18,0.74810104113564,0.0206440912411839,0.246695053126094
"20",19,0.594391438461886,0.0222552614136464,0.196012488366491
"21",20,0.472263486443977,0.0238865258724844,0.155743381016552
"22",21,0.375229123669944,0.0255349777550559,0.123748389620563
"23",22,0.298132356351256,0.0271979080658021,0.0983274673154674
"24",23,0.236875460013114,0.028872792593421,0.0781294969131767
"25",24,0.188206254406208,0.0305572832636344,0.0620820616318437
"26",25,0.149535752769843,0.0322491912099682,0.0493315151978711
"27",26,0.118812017670136,0.033946484857085,0.0392012817689739
"28",27,0.0944007455675485,0.0356472713502236,0.0311524471557184
"29",28,0.0750047505849933,0.0373497947145396,0.0247573442862517
"30",29,0.059593581921315,0.039052423689403,0.0196761781790777
"31",30,0.0473475167149808,0.0407536418727131,0.0156386368370052
"32",31,0.0376209834666326,0.0424520591057799,0.0124318746511735
"33",32,0.0298910231549878,0.0441463627856377,0.00988348696957963
"34",33,0.0237490508074233,0.0458353532454095,0.00785869071687906
"35",34,0.0188702661243767,0.0475179236191355,0.00625038779447777
"36",35,0.0149925614517933,0.0491930430720721,0.00497227353272521
"37",36,0.0119124613865226,0.0508597680865693,0.0039571295168112
"38",37,0.00946490889441053,0.0525172222149746,0.00315056268689189
"39",38,0.00752025299784359,0.0541646051245324,0.00250983844995304
"40",39,0.00597478849572353,0.0558011778041644,0.00200077322356062
"41",40,0.00474743603668411,0.0574262634797436,0.00159654932194351
"42",41,0.00377225564676365,0.0590392466845685,0.00127551921144346
"43",42,0.0029971459713349,0.0606395571814412,0.00102047897420572
"44",43,0.00238144595446005,0.0622266814222236,0.000818004974002759
"45",44,0.00189247901346247,0.0638001518679236,0.00065733284881609
"46",45,0.00150401335449805,0.0653595419135879,0.000529810380300657
"47",46,0.00119531486200255,0.0669044667662703,0.000428599958677182
"48",47,0.000949730698362284,0.0684345781199976,0.00034821056268638
"49",48,0.000754223506930823,0.0699495646816645,0.000284343069167789
"50",49,0.00059889465250347,0.0714491526356085,0.000233733128438723
"51",50,0.000475671810537747,0.0729330975938417,0.000193718563116036
"52",51,0.00037789704308591,0.0744011822833118,0.000162103662916317
"53",52,0.000300234669838952,0.0758532162103079,0.000137128717246041
"54",53,0.000238509946393403,0.0772890346931424,0.000117416777350818
"55",54,0.00018945847917111,0.078708497062833,0.000101891062454549
"56",55,0.000150493961417402,0.0801114847245107,0.0000896983920336801
"57",56,0.000119548262828635,0.0814978994990933,0.0000801564495280471
"58",57,0.000094969016132803,0.0828676622382993,0.0000727200091869631
"59",58,0.0000754432039480188,0.0842207115676112,0.0000669557440988619
"60",59,0.000059930818105347,0.0855570026760069,0.0000625203536368189
"61",60,0.0000476074700720966,0.0868765061512087,0.0000591416396177073
"62",61,0.0000378182036394125,0.0881792068820256,0.0000566032767336173
"63",62,0.0000300420871341693,0.0894651030362369,0.0000547331381468581
"64",63,0.0000238649825641621,0.0907342051082696,0.0000533943170189984
"65",64,0.0000189579564611708,0.0919865350277234,0.0000524780079571011
"66",65,0.0000150598458875516,0.0932221253228365,0.0000518977585829328
"67",66,0.00001196324317613,0.0944410183358337,0.000051584848426731
"68",67,0.00000950337089047252,0.0956432654878273,0.0000514846207640833
"69",68,0.00000754930522016629,0.0968289265905782,0.000051553588749785
"70",69,0.00000599703356478077,0.0979980692021331,0.000051757146327344
"71",70,0.00000476393472631575,0.0991507680234697,0.0000520677482072653
"72",71,0.00000378438146076206,0.100287104333551,0.0000524634599020121
"73",72,0.00000300624212221376,0.101407165460436,0.0000529268042012928
"74",73,0.00000238810317781762,0.102511044286251,0.0000534438453282991
"75",74,0.00000189706539406735,0.103598838783925,0.0000540034622421908
"76",75,0.00000150699402317174,0.10467065158374,0.000054596771627442
"77",76,0.00000119712836458244,0.105726589567816,0.0000552166693704643
"78",77,0.000000950976708884075,0.106766763490827,0.0000558574661272975
"79",78,0.000000755438367835348,0.107791287625304,0.0000565145977612433
"80",79,0.000000600106336442352,0.108800279430012,0.0000571843953337864
"81",80,0.000000476713442189768,0.109793859239961,0.0000578639024017605
"82",81,0.000000378692394525671,0.11077214997672,0.0000585507298657886
"83",82,0.000000300826271544765,0.11173527687776,0.0000592429406341345
"84",83,0.000000238970853634022,0.112683367243651,0.000059938957972746
"85",84,0.000000189834048437363,0.113616550202006,0.0000606374926766237
"86",85,0.000000150800675623958,0.114534956487113,0.0000613374851947526
"87",86,0.000000119793282771071,0.115438718234307,0.000062038059633074
"88",87,0.000000095161580138313,0.116327968788131,0.0000627384871918536
"89",88,0.0000000755946084851372,0.117202842523451,0.0000634381570970628
"90",89,0.0000000600509661302027,0.118063474678709,0.0000641365534850077
"91",90,0.0000000477033826615925,0.118910001200542,0.0000648332370163538
"92",91,0.0000000378946895682898,0.119742558599085,0.0000655278302472054
"93",92,0.00000003010284423948,0.120561283813257,0.0000662200059847507
"94",93,0.0000000239131456495555,0.121366314085434,0.0000669094780138512
"95",94,0.0000000189961629562448,0.122157786844895,0.0000675959937071888
"96",95,0.0000000150902305413941,0.122935839599705,0.0000682793281413506
"97",96,0.0000000119876573931776,0.123700609837379,0.0000689592794391854
"98",97,0.00000000952449580812370,0.124452234938188,0.0000696356652924484
"99",98,0.00000000756898530818389,0.125190852069355,0.0000703083190195905
"100",99,0.00000000601508743704286,0.125916598104632,0.0000709770873211958
"101",100,0.00000000477938153176978,0.126629609566121,0.0000716418291634691
"102",101,0.00000000379708983168734,0.127330022561823,0.0000723024143669123
"103",102,0.00000000301692039217378,0.12801797271357,0.0000729587217902563
"104",103,0.00000000239734640232819,0.128693595090975,0.0000736106379886768
"105",104,0.0000000019049763513876,0.129357024158721,0.0000742580565710433
"106",105,0.00000000151354825861467,0.130008393731225,0.0000749008777680774
"107",106,0.00000000120250281151388,0.13064783692803,0.0000755390078603244
"108",107,0.00000000095545995680179,0.131275486129993,0.000076172358572515
"109",108,0.000000000759230333819477,0.131891472939497,0.0000768008466456462
"110",109,0.000000000603283905548524,0.132495928145638,0.0000774243935627648
"111",110,0.000000000479329819498051,0.133088981692912,0.0000780429253135296
"112",111,0.00000000038083804991316,0.133670762652101,0.0000786563721405595
"113",112,0.000000000302602749864406,0.134241399193329,0.0000792646683005031
"114",113,0.00000000024044990036197,0.134801018561776,0.0000798677518742445
"115",114,0.000000000191057198515025,0.135349747056063,0.0000804655646159482
"116",115,0.000000000151802675791447,0.135887710008891,0.0000810580518132468
"117",116,0.000000000120613220255102,0.136415031769601,0.0000816451621488758
"118",117,0.0000000000958361638812235,0.136931835688554,0.0000822268475714005
"119",118,0.000000000076150710622274,0.137438244103335,0.0000828030631806744
"120",119,0.0000000000605072531245262,0.137934378326699,0.0000833737671241336
"121",120,0.0000000000480758363215035,0.138420358636064,0.0000839389204977095
"122",121,0.0000000000381986965219269,0.138896304264452,0.0000844984872496527
"123",122,0.0000000000303517198603437,0.139362333392756,0.0000850524340888584
"124",123,0.0000000000241169682291694,0.139818563143288,0.0000856007303984167
"125",124,0.0000000000191625539019344,0.140265109574513,0.000086143348153156
"126",125,0.0000000000152256463568276,0.140702087676879,0.0000866802618397756
"127",126,0.0000000000120976575002732,0.14112961136967,0.000087211448379232
"128",127,0.00000000000961248106470637,0.141547793498804,0.0000877368870516572
"129",128,0.0000000000076378542228064,0.141956745835511,0.0000882565594238187
"130",129,0.00000000000606877067337954,0.142356579075845,0.0000887704492787548
"131",130,0.00000000000482198005222378,0.142747402840954,0.0000892785425472496
"132",131,0.00000000000383136252231297,0.143129325678057,0.0000897808272410579
"133",132,0.00000000000304429430880838,0.143502455062077,0.0000902772933879028
"134",133,0.00000000000241891244405632,0.143866897397892,0.0000907679329681958
"135",134,0.00000000000192198069761882,0.144222758023133,0.0000912527398533624
"136",135,0.00000000000152712804564688,0.144570141211527,0.0000917317097456785
"137",136,0.00000000000121340165999161,0.144909150176698,0.0000922048401195776
"138",137,0.000000000000964133436529993,0.145239887076432,0.0000926721301644079
"139",138,0.000000000000766071214178927,0.145562453017346,0.0000931335807286025
"140",139,0.000000000000608692508228596,0.145876948059929,0.0000935891942652147
"141",140,0.000000000000483643816772447,0.146183471223941,0.0000940389747787777
"142",141,0.0000000000003842867876599,0.146482120494123,0.0000944829277734622
"143",142,0.000000000000305342527101421,0.146772992826209,0.000094921060202506
"144",143,0.000000000000242615395490294,0.147056184153193,0.000095353380418889
"145",144,0.000000000000192773487330601,0.147331789391853,0.0000957798981272237
"146",145,0.000000000000153170753973201,0.147599902449488,0.0000962006243368352
"147",146,0.000000000000121704317043425,0.147860616230863,0.0000966155713160061
"148",147,0.0000000000000967024008662443,0.148114022645334,0.0000970247525473645
"149",148,0.0000000000000768365327425507,0.148360212614143,0.0000974281826843898
"150",149,0.0000000000000610515800500987,0.148599276077852,0.0000978258775090148
"151",150,0.0000000000000485094140247583,0.148831302003924,0.0000982178538902996
"152",151,0.00000000000003854395544072,0.149056378394407,0.0000986041297441576
"153",152,0.0000000000000306257777819137,0.149274592293735,0.0000989847239941095
"154",153,0.0000000000000243342135043963,0.149486029796617,0.0000993596565330464
"155",154,0.0000000000000193351108331082,0.149690776056005,0.0000997289481859796
"156",155,0.0000000000000153630044114024,0.149888915291131,0.000100092620673757
"157",156,0.0000000000000122069290849657,0.15008053079561,0.000100450696577723
"158",157,0.00000000000000969922340347342,0.150265704945579,0.000100803199305311
"159",158,0.0000000000000077066739217662,0.150444519207891,0.000101150153056531
"160",159,0.00000000000000612345471898649,0.150617054148334,0.000101491582791359
"161",160,0.0000000000000048654860174085,0.150783389439871,0.000101827514197975
"162",161,0.00000000000000386595204004566,0.150943603870904,0.000102157973661869
"163",162,0.00000000000000307175654706666,0.151097775353545,0.000102482988235765
"164",163,0.0000000000000024407131215201,0.151245980931892,0.000102802585610358
"165",164,0.00000000000000193930627100375,0.151388296790301,0.000103116794085849
"166",165,0.00000000000000154090638901784,0.151524798261654,0.000103425642544254
"167",166,0.00000000000000122435240821485,0.151655559835616,0.00010372916042247
"168",167,0.000000000000000972829273280178,0.151780655166868,0.000104027377686086
"169",168,0.000000000000000772976952626817,0.151900157083329,0.000104320324803916
"170",169,0.000000000000000614180911954018,0.152014137594343,0.000104608032723244
"171",170,0.000000000000000488007218211526,0.152122667898847,0.000104890532845751
"172",171,0.000000000000000387754083588739,0.152225818393499,0.000105167857004136
"173",172,0.000000000000000308096298649317,0.152323658680775,0.000105440037439379
"174",173,0.000000000000000244802806335867,0.152416257577028,0.000105707106778659
"175",174,0.000000000000000194511927064306,0.152503683120501,0.000105969098013902
"176",175,0.000000000000000154552561656353,0.152586002579307,0.000106226044480942
"177",176,0.000000000000000122802243031519,0.152663282459351,0.00010647797983928
"178",177,0.0000000000000000975745022149404,0.152735588512215,0.000106724938052437
"179",178,0.0000000000000000775293715683325,0.152802985742988,0.000106966953368874
"180",179,0.0000000000000000616021910667548,0.152865538418046,0.000107204060303468
"181",180,0.0000000000000000489470079908949,0.152923310072781,0.000107436293619546
"182",181,0.0000000000000000388916355515007,0.152976363519273,0.000107663688311434
"183",182,0.000000000000000030901973743283,0.153024760853908,0.000107886279587543
"184",183,0.0000000000000000245536550698078,0.153068563464944,0.000108104102853947
"185",184,0.0000000000000000195094973590285,0.153107832040007,0.000108317193698466
"186",185,0.0000000000000000155015839850864,0.153142626573546,0.000108525587875228
"187",186,0.0000000000000000123170331409199,0.153173006374212,0.000108729321289697
"188",187,0.00000000000000000978669610901545,0.153199030072191,0.000108928429984172
"189",188,0.00000000000000000777617537371699,0.153220755626464,0.000109122950123718
"190",189,0.00000000000000000617868419775397,0.153238240332015,0.000109312917982549
"191",190,0.00000000000000000490937262112885,0.153251540826975,0.000109498369930826
"192",191,0.00000000000000000390082089702081,0.153260713099701,0.000109679342421876
"193",192,0.00000000000000000309945969892437,0.153265812495796,0.000109855871979812
"194",193,0.00000000000000000246272516213458,0.153266893725065,0.000110027995187552
"195",194,0.00000000000000000195679762702658,0.153264010868409,0.000110195748675218
"196",195,0.00000000000000000155480492990357,0.153257217384655,0.000110359169108914
"197",196,0.00000000000000000123539520314945,0.153246566117322,0.000110518293179867
"198",197,0.000000000000000000981603027891759,0.15323210930133,0.000110673157593925
"199",198,0.000000000000000000779948364204439,0.153213898569636,0.000110823799061403
"200",199,0.000000000000000000619720446321248,0.153191984959817,0.000110970254287265
"201",200,0.000000000000000000492408813899398,0.153166418920582,0.000111112559961638
"202",201,0.000000000000000000391251316049364,0.153137250318225,0.000111250752750645
"203",202,0.000000000000000000310874992895275,0.153104528443017,0.000111384869287552
"204",203,0.000000000000000000247010694496106,0.153068302015531,0.000111514946164221
"205",204,0.000000000000000000196266299758104,0.153028619192909,0.000111641019922854
"206",205,0.000000000000000000155946533294065,0.152985527575062,0.000111763127048035
"207",206,0.000000000000000000123909816216552,0.152939074210815,0.000111881303959044
"208",207,0.0000000000000000000984545268959049,0.152889305603983,0.000111995587002455
"209",208,0.0000000000000000000782286187978395,0.152836267719391,0.000112106012444987
"210",209,0.0000000000000000000621578011534033,0.152780005988832,0.000112212616466633
"211",210,0.0000000000000000000493884765857923,0.152720565316961,0.000112315435154024
"212",211,0.0000000000000000000392424049515276,0.152657990087136,0.00011241450449405
"213",212,0.0000000000000000000311806807248949,0.152592324167189,0.000112509860367721
"214",213,0.0000000000000000000247751086753148,0.152523610915149,0.000112601538544252
"215",214,0.0000000000000000000196854591865909,0.152451893184896,0.000112689574675386
"216",215,0.0000000000000000000156413968569413,0.15237721333176,0.000112774004289928
"217",216,0.0000000000000000000124281222892526,0.152299613218066,0.000112854862788502
"218",217,0.00000000000000000000987496342879113,0.152219134218613,0.000112932185438515
"219",218,0.00000000000000000000784631020132144,0.152135817226103,0.000113006007369318
"220",219,0.00000000000000000000623441137651268,0.152049702656506,0.000113076363567572
"221",220,0.00000000000000000000495365138531131,0.151960830454376,0.000113143288872805
"222",221,0.00000000000000000000393600300540832,0.151869240098104,0.000113206817973154
"223",222,0.00000000000000000000312741417359432,0.15177497060512,0.000113266985401291
"224",223,0.00000000000000000000248493698073919,0.151678060537038,0.000113323825530522
"225",224,0.00000000000000000000197444645785761,0.151578548004747,0.000113377372571065
"226",225,0.00000000000000000000156882804424736,0.151476470673444,0.000113427660566488
"227",226,0.00000000000000000000124653743441704,0.151371865767621,0.000113474723390312
"228",227,0.000000000000000000000990456267573725,0.151264770075991,0.000113518594742776
"229",228,0.000000000000000000000786982879482941,0.151155219956364,0.000113559308147747
"230",229,0.000000000000000000000625309845039204,0.151043251340473,0.000113596896949788
"231",230,0.000000000000000000000496849947820387,0.150928899738743,0.000113631394311363
"232",231,0.000000000000000000000394780078752772,0.150812200245015,0.00011366283321019
"233",232,0.000000000000000000000313678829822417,0.15069318754121,0.000113691246436724
"234",233,0.000000000000000000000249238534886114,0.150571895901955,0.000113716666591779
"235",234,0.000000000000000000000198036467663162,0.150448359199147,0.000113739126084274
"236",235,0.00000000000000000000015735304552377,0.150322610906471,0.000113758657129104
"237",236,0.000000000000000000000125027380926773,0.150194684103878,0.000113775291745138
"238",237,0.0000000000000000000000993425065977687,0.150064611481998,0.000113789061753331
"239",238,0.0000000000000000000000789341787131903,0.149932425346519,0.000113799998774949
"240",239,0.0000000000000000000000627184152364469,0.149798157622511,0.000113808134229908
"241",240,0.0000000000000000000000498339207779045,0.149661839858707,0.000113813499335218
"242",241,0.0000000000000000000000395963393989654,0.14952350323173,0.000113816125103539
"243",242,0.000000000000000000000031461905234029,0.149383178550287,0.000113816042341825
"244",243,0.0000000000000000000000249985603973791,0.149240896259299,0.000113813281650081
"245",244,0.0000000000000000000000198630063215691,0.149096686444007,0.000113807873420204
"246",245,0.0000000000000000000000157824696185362,0.148950578834011,0.000113799847834924
"247",246,0.0000000000000000000000125402138514679,0.148802602807284,0.000113789234866829
"248",247,0.00000000000000000000000996402763394057,0.148652787394127,0.000113776064277483
"249",248,0.00000000000000000000000791707764655118,0.148501161281094,0.000113760365616622
"250",249,0.00000000000000000000000629064077284728,0.148347752814859,0.000113742168221436
"251",250,0.00000000000000000000000499832931856292,0.148192590006055,0.000113721501215928
"252",251,0.00000000000000000000000397150256430371,0.148035700533059,0.000113698393510349
"253",252,0.00000000000000000000000315562093108516,0.147877111745745,0.000113672873800711
"254",253,0.00000000000000000000000250734912163187,0.147716850669186,0.000113644970568364
"255",254,0.0000000000000000000000019922543793548,0.147554944007326,0.000113614712079654
"256",255,0.00000000000000000000000158297760632552,0.1473914181466,0.000113582126385635
"257",256,0.00000000000000000000000125778019468067,0.147226299159522,0.000113547241321857
"258",257,0.000000000000000000000000999389386128246,0.147059612808233,0.000113510084508209
"259",258,0.000000000000000000000000794080833603097,0.146891384548006,0.000113470683348829
"260",259,0.000000000000000000000000630949636979005,0.146721639530711,0.000113429065032069
"261",260,0.000000000000000000000000501331133377171,0.146550402608251,0.000113385256530517
"262",261,0.000000000000000000000000398340676502776,0.14637769833595,0.000113339284601077
"263",262,0.000000000000000000000000316507960522476,0.146203550975905,0.000113291175785097
"264",263,0.000000000000000000000000251486466254349,0.146027984500307,0.000113240956408553
"265",264,0.000000000000000000000000199822597218683,0.145851022594722,0.000113188652582279
"266",265,0.00000000000000000000000015877224308099,0.145672688661327,0.000113134290202247
"267",266,0.000000000000000000000000126155027111468,0.145493005822129,0.000113077894949894
"268",267,0.000000000000000000000000100238496088022,0.145311996922128,0.000113019492292488
"269",268,0.0000000000000000000000000796461015438662,0.145129684532457,0.000112959107483543
"270",269,0.0000000000000000000000000632840848448069,0.144946090953488,0.000112896765563273
"271",270,0.0000000000000000000000000502833825696178,0.144761238217893,0.000112832491359083
"272",271,0.0000000000000000000000000399534664784648,0.144575148093682,0.000112766309486104
"273",272,0.000000000000000000000000031745666305582,0.144387842087201,0.000112698244347762
"274",273,0.0000000000000000000000000252240273025504,0.144199341446101,0.000112628320136378
"275",274,0.000000000000000000000000020042154643235,0.144009667162267,0.000112556560833811
"276",275,0.0000000000000000000000000159248147763416,0.143818839974724,0.000112482990212128
"277",276,0.0000000000000000000000000126533164805372,0.1436268803725,0.000112407631834306
"278",277,0.0000000000000000000000000100538951451019,0.143433808597468,0.000112330509054967
"279",278,0.00000000000000000000000000798848331582043,0.143239644647148,0.000112251645021136
"280",279,0.00000000000000000000000000634737728657953,0.143044408277479,0.000112171062673039
"281",280,0.00000000000000000000000000504341022230718,0.142848119005567,0.000112088784744912
"282",281,0.00000000000000000000000000400732231940439,0.142650796112393,0.000112004833765849
"283",282,0.00000000000000000000000000318408209217349,0.142452458645494,0.000111919232060668
"284",283,0.00000000000000000000000000252996339249698,0.142253125421622,0.000111832001750801
"285",284,0.00000000000000000000000000201022290944192,0.142052815029358,0.000111743164755209
"286",285,0.00000000000000000000000000159725478932717,0.141851545831708,0.000111652742791316
"287",286,0.00000000000000000000000000126912435931572,0.141649335968673,0.000111560757375965
"288",287,0.00000000000000000000000000100840307396392,0.141446203359775,0.000111467229826393
"289",288,0.000000000000000000000000000801242803459631,0.141242165706571,0.000111372181261225
"290",289,0.000000000000000000000000000636640294599624,0.141037240495131,0.000111275632601487
"291",290,0.000000000000000000000000000505852736459077,0.140831444998487,0.000111177604571634
"292",291,0.000000000000000000000000000401933388688705,0.140624796279063,0.000111078117700594
"293",292,0.000000000000000000000000000319362607539177,0.140417311191063,0.00011097719232283
"294",293,0.000000000000000000000000000253754671707565,0.140209006382853,0.000110874848579415
"295",294,0.000000000000000000000000000201624836134099,0.139999898299292,0.000110771106419118
"296",295,0.000000000000000000000000000160204240859759,0.139790003184061,0.000110665985599509
"297",296,0.000000000000000000000000000127292843886188,0.139579337081948,0.000110559505688072
"298",297,0.000000000000000000000000000101142566625672,0.139367915841115,0.000110451686063329
"299",298,0.000000000000000000000000000080364445253516,0.139155755115341,0.00011034254591598
"300",299,0.0000000000000000000000000000638548563310225,0.138942870366236,0.000110232104250047
"301",300,0.0000000000000000000000000000507368981912418,0.138729276865431,0.000110120379884032
"302",301,0.0000000000000000000000000000403138145787659,0.138514989696745,0.00011000739145208
"303",302,0.0000000000000000000000000000320319866575336,0.138300023758329,0.000109893157405159
"304",303,0.0000000000000000000000000000254515277194575,0.138084393764782,0.000109777696012235
"305",304,0.0000000000000000000000000000202229187397843,0.137868114249244,0.000109661025361465
"306",305,0.000000000000000000000000000016068443783105,0.13765119956547,0.000109543163361392
"307",306,0.0000000000000000000000000000127674392076781,0.137433663889875,0.000109424127742148
"308",307,0.0000000000000000000000000000101445731847474,0.137215521223562,0.00010930393605666
"309",308,0.00000000000000000000000000000806053300325886,0.13699678539432,0.000109182605681862
"310",309,0.00000000000000000000000000000640462551879049,0.136777470058606,0.000109060153819917
"311",310,0.00000000000000000000000000000508889772168679,0.136557588703502,0.000108936597499435
"312",311,0.00000000000000000000000000000404346514029672,0.136337154648651,0.000108811953576697
"313",312,0.00000000000000000000000000000321279994902938,0.136116181048168,0.000108686238736891
"314",313,0.0000000000000000000000000000025527816252452,0.135894680892538,0.000108559469495335
"315",314,0.00000000000000000000000000000202835350147922,0.13567266701048,0.000108431662198718
"316",315,0.00000000000000000000000000000161166074147261,0.135450152070802,0.000108302833026333
"317",316,0.00000000000000000000000000000128057083921362,0.135227148584228,0.000108172997991315
"318",317,0.00000000000000000000000000000101749805777924,0.135003668905209,0.000108042172941881
"319",318,0.000000000000000000000000000000808469368409878,0.134779725233709,0.000107910373562572
"320",319,0.000000000000000000000000000000642382277448405,0.134555329616975,0.000107777615375492
"321",320,0.000000000000000000000000000000510415120849181,0.134330493951285,0.000107643913741547
"322",321,0.00000000000000000000000000000040555850423958,0.134105229983675,0.000107509283861692
"323",322,0.000000000000000000000000000000322243001123413,0.133879549313654,0.000107373740778166
"324",323,0.000000000000000000000000000000256043334530997,0.133653463394887,0.000107237299375736
"325",324,0.000000000000000000000000000000203443329813551,0.133426983536874,0.000107099974382933
"326",325,0.000000000000000000000000000000161649154122483,0.133200120906596,0.000106961780373294
"327",326,0.00000000000000000000000000000012844092284813,0.132972886530152,0.000106822731766592
"328",327,0.000000000000000000000000000000102054791140985,0.132745291294375,0.000106682842830078
"329",328,0.0000000000000000000000000000000810892678428953,0.132517345948428,0.000106542127679708
"330",329,0.0000000000000000000000000000000644307757213235,0.132289061105384,0.000106400600281374
"331",330,0.0000000000000000000000000000000511945041617072,0.132060447243791,0.000106258274452135
"332",331,0.0000000000000000000000000000000406774127274395,0.131831514709209,0.000106115163861436
"333",332,0.0000000000000000000000000000000323208893863332,0.131602273715744,0.000105971282032336
"334",333,0.0000000000000000000000000000000256810800067974,0.131372734347555,0.000105826642342723
"335",334,0.0000000000000000000000000000000204053131840517,0.131142906560344,0.000105681258026531
"336",335,0.0000000000000000000000000000000162133682083916,0.130912800182837,0.000105535142174949
"337",336,0.0000000000000000000000000000000128825912295473,0.13068242491824,0.000105388307737633
"338",337,0.000000000000000000000000000000010236069066865,0.130451790345683,0.000105240767523906
"339",338,0.0000000000000000000000000000000081332325208974,0.130220905921646,0.000105092534203959
"340",339,0.00000000000000000000000000000000646239008420704,0.129989780981371,0.000104943620310049
"341",340,0.00000000000000000000000000000000513479548176757,0.129758424740256,0.000104794038237687
"342",341,0.00000000000000000000000000000000407993394023429,0.129526846295231,0.000104643800246824
"343",342,0.00000000000000000000000000000000324177681774866,0.129295054626129,0.000104492918463034
"344",343,0.00000000000000000000000000000000257580566009991,0.129063058597027,0.000104341404878691
"345",344,0.00000000000000000000000000000000204664761691081,0.128830866957582,0.000104189271354141
"346",345,0.00000000000000000000000000000000162619662371777,0.128598488344349,0.000104036529618865
"347",346,0.00000000000000000000000000000000129212055712025,0.128365931282085,0.000103883191272643
"348",347,0.00000000000000000000000000000000102667507101058,0.128133204185036,0.000103729267786711
"349",348,0.000000000000000000000000000000000815761111164068,0.12790031535821,0.000103574770504906
"350",349,0.000000000000000000000000000000000648176048369984,0.127667272998641,0.000103419710644817
"351",350,0.000000000000000000000000000000000515018654273774,0.127434085196629,0.000103264099298917
"352",351,0.000000000000000000000000000000000409216315408488,0.127200759936976,0.000103107947435701
"353",352,0.000000000000000000000000000000000325149373536028,0.126967305100201,0.000102951265900813
"354",353,0.000000000000000000000000000000000258352639252233,0.126733728463744,0.00010279406541816
"355",354,0.000000000000000000000000000000000205278224843938,0.126500037703158,0.000102636356591037
"356",355,0.000000000000000000000000000000000163107099339296,0.126266240393284,0.000102478149903226
"357",356,0.000000000000000000000000000000000129599356556722,0.126032344009416,0.000102319455720105
"358",357,0.000000000000000000000000000000000102975243186541,0.125798355928451,0.000102160284289742
"359",358,0.0000000000000000000000000000000000818206277489139,0.125564283430024,0.000102000645743982
"360",359,0.000000000000000000000000000000000065011889441223,0.125330133697639,0.000101840550099533
"361",360,0.0000000000000000000000000000000000516562373694846,0.125095913819774,0.000101680007259042
"362",361,0.0000000000000000000000000000000000410442902384043,0.124861630790986,0.000101519027012164
"363",362,0.0000000000000000000000000000000000326123977850826,0.124627291512994,0.000101357619036626
"364",363,0.0000000000000000000000000000000000259127026710587,0.124392902795756,0.000101195792899283
"365",364,0.0000000000000000000000000000000000205893526794232,0.124158471358533,0.00010103355805717
"366",365,0.0000000000000000000000000000000000163595997352743,0.123924003830936,0.000100870923858541
"367",366,0.0000000000000000000000000000000000129987818298855,0.123689506753968,0.000100707899543909
"368",367,0.0000000000000000000000000000000000103283901681669,0.12345498658105,0.000100544494247073
"369",368,0.00000000000000000000000000000000000820658772967686,0.123220449679036,0.000100380716996143
"370",369,0.00000000000000000000000000000000000652067563950645,0.12298590232922,0.000100216576714553
"371",370,0.00000000000000000000000000000000000518110720268002,0.122751350728323,0.000100052082222071
"372",371,0.00000000000000000000000000000000000411673165937366,0.122516800989483,0.0000998872422358009
"373",372,0.00000000000000000000000000000000000327101503449351,0.122282259143216,0.0000997220653711755
"374",373,0.00000000000000000000000000000000000259903735321682,0.122047731138383,0.0000995565601429464
"375",374,0.00000000000000000000000000000000000206510673053582,0.121813222843136,0.0000993907349661637
"376",375,0.00000000000000000000000000000000000164086360791471,0.121578740045855,0.0000992245981571493
"377",376,0.00000000000000000000000000000000000130377444418104,0.121344288456076,0.0000990581579344637
"378",377,0.00000000000000000000000000000000000103593485351276,0.12110987370541,0.0000988914224198654
"379",378,0.000000000000000000000000000000000000823118619568124,0.120875501348446,0.0000987243996392637
"380",379,0.000000000000000000000000000000000000654022074440609,0.120641176863652,0.0000985570975236634
"381",380,0.000000000000000000000000000000000000519663707862705,0.120406905654256,0.0000983895239101035
"382",381,0.000000000000000000000000000000000000412907117088655,0.120172693049126,0.0000982216865425882
"383",382,0.000000000000000000000000000000000000328081959087869,0.119938544303634,0.000098053593073011
"384",383,0.00000000000000000000000000000000000026068277204295,0.119704464600516,0.0000978852510620717
"385",384,0.000000000000000000000000000000000000207129669150132,0.119470459050713,0.0000977166679801861
"386",385,0.000000000000000000000000000000000000164578194047955,0.119236532694215,0.0000975478512083891
"387",386,0.00000000000000000000000000000000000013076823840458,0.119002690500884,0.0000973788080392303
"388",387,0.000000000000000000000000000000000000103903996968482,0.118768937371273,0.000097209545677663
"389",388,0.0000000000000000000000000000000000000825585839324736,0.118535278137439,0.000097040071241925
"390",389,0.0000000000000000000000000000000000000655982443389823,0.118301717563738,0.0000968703917644144
"391",390,0.0000000000000000000000000000000000000521221350389981,0.11806826034762,0.0000967005141925562
"392",391,0.0000000000000000000000000000000000000414144766891132,0.117834911120407,0.0000965304453896633
"393",392,0.0000000000000000000000000000000000000329065353548891,0.117601674448071,0.0000963601921357899
"394",393,0.0000000000000000000000000000000000000261464143852678,0.117368554831996,0.0000961897611285782
"395",394,0.0000000000000000000000000000000000000207750520628593,0.117135556709733,0.0000960191589840981
"396",395,0.0000000000000000000000000000000000000165071501527836,0.116902684455748,0.0000958483922376795
"397",396,0.0000000000000000000000000000000000000131160203758854,0.116669942382162,0.0000956774673447386
"398",397,0.000000000000000000000000000000000000010421543931472,0.116437334739481,0.0000955063906815961
"399",398,0.00000000000000000000000000000000000000828060454337854,0.116204865717317,0.0000953351685462898
"400",399,0.00000000000000000000000000000000000000657948688358465,0.115972539445102,0.0000951638071593791
"401",400,0.00000000000000000000000000000000000000522783661802548,0.115740359992797,0.000094992312664744
"402",401,0.00000000000000000000000000000000000000415386126431152,0.115508331371586,0.0000948206911303758
"403",402,0.00000000000000000000000000000000000000330051695641258,0.115276457534568,0.0000946489485491622
"404",403,0.00000000000000000000000000000000000000262247857750071,0.115044742377442,0.0000944770908396654
"405",404,0.00000000000000000000000000000000000000208373233050297,0.114813189739174,0.0000943051238468928
"406",405,0.00000000000000000000000000000000000000165566287649958,0.114581803402672,0.0000941330533430621
"407",406,0.00000000000000000000000000000000000000131553343991988,0.11435058709544,0.0000939608850283584
"408",407,0.00000000000000000000000000000000000000104527815179764,0.114119544490234,0.0000937886245316862
"409",408,0.000000000000000000000000000000000000000830542486774055,0.113888679205702,0.0000936162774114136
"410",409,0.000000000000000000000000000000000000000659920826959345,0.113657994807024,0.00009344384915611
"411",410,0.000000000000000000000000000000000000000524350656094948,0.113427494806544,0.0000932713451852784
"412",411,0.0000000000000000000000000000000000000004166312068283,0.113197182664386,0.0000930987708500795
"413",412,0.000000000000000000000000000000000000000331040994200214,0.112967061789077,0.0000929261314340506
"414",413,0.000000000000000000000000000000000000000263033920755315,0.112737135538153,0.0000927534321538179
"415",414,0.000000000000000000000000000000000000000208997811993245,0.11250740721876,0.0000925806781598014
"416",415,0.00000000000000000000000000000000000000016606255684641,0.112277880088249,0.0000924078745369149
"417",416,0.000000000000000000000000000000000000000131947662625571,0.112048557354767,0.0000922350263052583
"418",417,0.000000000000000000000000000000000000000104841127361746,0.111819442177836,0.0000920621384208048
"419",418,0.0000000000000000000000000000000000000000833031958866362,0.11159053766893,0.0000918892157760806
"420",419,0.0000000000000000000000000000000000000000661898876858066,0.111361846892041,0.0000917162632008397
"421",420,0.0000000000000000000000000000000000000000525922347303667,0.111133372864243,0.000091543285462731
"422",421,0.0000000000000000000000000000000000000000417880019235492,0.110905118556248,0.0000913702872679608
"423",422,0.0000000000000000000000000000000000000000332033258087486,0.110677086892955,0.000091197273261948
"424",423,0.0000000000000000000000000000000000000000263822339909636,0.110449280753992,0.0000910242480299739
"425",424,0.0000000000000000000000000000000000000000209624263052156,0.110221702974255,0.0000908512160978253
"426",425,0.0000000000000000000000000000000000000000166560313562568,0.109994356344438,0.0000906781819324324
"427",426,0.0000000000000000000000000000000000000000132343163191746,0.109767243611556,0.0000905051499425001
"428",427,0.0000000000000000000000000000000000000000105155378667187,0.109540367479468,0.000090332124479134
"429",428,0.00000000000000000000000000000000000000000835528892914434,0.109313730609388,0.0000901591098364592
"430",429,0.00000000000000000000000000000000000000000663882855773181,0.109087335620391,0.0000899861102522351
"431",430,0.00000000000000000000000000000000000000000527498749507265,0.108861185089915,0.000089813129908463
"432",431,0.0000000000000000000000000000000000000000041913257483907,0.10863528155426,0.0000896401729319884
"433",432,0.00000000000000000000000000000000000000000333028496191363,0.108409627509072,0.0000894672433950977
"434",433,0.00000000000000000000000000000000000000000264613122275367,0.108184225409835,0.0000892943453161085
"435",434,0.0000000000000000000000000000000000000000021025259183852,0.107959077672343,0.0000891214826599557
"436",435,0.00000000000000000000000000000000000000000167059562257129,0.107734186673179,0.0000889486593387701
"437",436,0.00000000000000000000000000000000000000000132739849233243,0.10750955475018,0.0000887758792124533
"438",437,0.0000000000000000000000000000000000000000010547057191102,0.107285184202901,0.0000886031460892454
"439",438,0.000000000000000000000000000000000000000000838033311284775,0.107061077293074,0.0000884304637262883
"440",439,0.000000000000000000000000000000000000000000665872781476352,0.106837236245059,0.0000882578358301836
"441",440,0.000000000000000000000000000000000000000000529079876826501,0.10661366324629,0.0000880852660575438
"442",441,0.000000000000000000000000000000000000000000420388884858911,0.106390360447721,0.00008791275801554
"443",442,0.000000000000000000000000000000000000000000334026717426776,0.106167329964258,0.0000877403152624427
"444",443,0.000000000000000000000000000000000000000000265406274936011,0.105944573875199,0.000087567941308158
"445",444,0.000000000000000000000000000000000000000000210882803980646,0.105722094224652,0.0000873956396147588
"446",445,0.000000000000000000000000000000000000000000167560307402158,0.105499893021964,0.00008722341359701
"447",446,0.000000000000000000000000000000000000000000133137724303411,0.105277972242138,0.0000870512666228893
"448",447,0.000000000000000000000000000000000000000000105786709916617,0.105056333826242,0.0000868792020141023
"449",448,0.0000000000000000000000000000000000000000000840545236410929,0.104834979681822,0.0000867072230465932
"450",449,0.0000000000000000000000000000000000000000000667868671792511,0.104613911683304,0.0000865353329510494
"451",450,0.0000000000000000000000000000000000000000000530665743424459,0.104393131672389,0.0000863635349134022
"452",451,0.0000000000000000000000000000000000000000000421648960548521,0.104172641458455,0.0000861918320753219
"453",452,0.0000000000000000000000000000000000000000000335027930735379,0.10395244281894,0.0000860202275347079
"454",453,0.00000000000000000000000000000000000000000002662018049963,0.103732537499732,0.0000858487243461744
"455",454,0.0000000000000000000000000000000000000000000211514905123715,0.103512927215548,0.0000856773255215308
"456",455,0.0000000000000000000000000000000000000000000168062553483121,0.10329361365031,0.0000855060340302577
"457",456,0.0000000000000000000000000000000000000000000133536791966252,0.10307459845752,0.0000853348527999774
"458",457,0.000000000000000000000000000000000000000000010610379551581,0.102855883260626,0.0000851637847169205
"459",458,0.00000000000000000000000000000000000000000000843064690793682,0.102637469653389,0.0000849928326263877
"460",459,0.00000000000000000000000000000000000000000000669870544600019,0.102419359200239,0.0000848219993332061
"461",460,0.00000000000000000000000000000000000000000000532256363506677,0.102201553436632,0.0000846512876021819
"462",461,0.00000000000000000000000000000000000000000000422912813195135,0.101984053869405,0.0000844807001585481
"463",462,0.00000000000000000000000000000000000000000000336032145085627,0.101766861977119,0.0000843102396884077
"464",463,0.00000000000000000000000000000000000000000000266999719582264,0.101549979210405,0.0000841399088391721
"465",464,0.00000000000000000000000000000000000000000000212148900929826,0.101333406992305,0.0000839697102199959
"466",465,0.00000000000000000000000000000000000000000000168566304998932,0.101117146718606,0.0000837996464022059
"467",466,0.00000000000000000000000000000000000000000000133937055796447,0.100901199758171,0.0000836297199197274
"468",467,0.00000000000000000000000000000000000000000000106421831548922,0.100685567453273,0.0000834599332695046
"469",468,0.000000000000000000000000000000000000000000000845591697001265,0.100470251119913,0.000083290288911918
"470",469,0.000000000000000000000000000000000000000000000671878417830824,0.100255252048143,0.0000831207892711962
"471",470,0.000000000000000000000000000000000000000000000533851751321271,0.100040571502386,0.0000829514367358249
"472",471,0.000000000000000000000000000000000000000000000424180454119825,0.0998262107217465,0.0000827822336589503
"473",472,0.000000000000000000000000000000000000000000000337039369472855,0.0996121709203214,0.0000826131823587797
"474",473,0.000000000000000000000000000000000000000000000267800025841292,0.0993984532875067,0.0000824442851189768
"475",474,0.000000000000000000000000000000000000000000000212784797078053,0.0991850589883003,0.0000822755441890536
"476",475,0.000000000000000000000000000000000000000000000169071566461989,0.0989719891636015,0.0000821069617847583
"477",476,0.000000000000000000000000000000000000000000000134338519379395,0.0987592449305073,0.0000819385400884586
"478",477,0.000000000000000000000000000000000000000000000106740820864787,0.0985468273826048,0.0000817702812495216
"479",478,0.0000000000000000000000000000000000000000000000848126277669554,0.0983347375902609,0.0000816021873846896
"480",479,0.0000000000000000000000000000000000000000000000673892309470623,0.0981229766009082,0.0000814342605784519
"481",480,0.0000000000000000000000000000000000000000000000535451921159066,0.0979115454393276,0.0000812665028834128
"482",481,0.0000000000000000000000000000000000000000000000425451894677591,0.0977004451079283,0.0000810989163206556
"483",482,0.0000000000000000000000000000000000000000000000338049612919364,0.0974896765870238,0.0000809315028801035
"484",483,0.0000000000000000000000000000000000000000000000268602730942195,0.0972792408351051,0.0000807642645208754
"485",484,0.0000000000000000000000000000000000000000000000213422599264489,0.097069138789111,0.0000805972031716395
"486",485,0.0000000000000000000000000000000000000000000000169578342398214,0.096859371364695,0.0000804303207309621
"487",486,0.000000000000000000000000000000000000000000000013474118631124,0.0966499394564889,0.0000802636190676533
"488",487,0.000000000000000000000000000000000000000000000010706076632078,0.0964408439383643,0.0000800971000211089
"489",488,0.00000000000000000000000000000000000000000000000850668455502275,0.0962320856636901,0.0000799307654016484
"490",489,0.00000000000000000000000000000000000000000000000675912237559026,0.0960236654655873,0.0000797646169908505
"491",490,0.00000000000000000000000000000000000000000000000537056887353721,0.0958155841571817,0.0000795986565418834
"492",491,0.00000000000000000000000000000000000000000000000426727146257474,0.0956078425318523,0.0000794328857798332
"493",492,0.00000000000000000000000000000000000000000000000339062884474497,0.0954004413634783,0.0000792673064020282
"494",493,0.00000000000000000000000000000000000000000000000269407842075275,0.0951933814066818,0.0000791019200783594
"495",494,0.00000000000000000000000000000000000000000000000214062313202304,0.0949866633970692,0.0000789367284515982
"496",495,0.00000000000000000000000000000000000000000000000170086637347096,0.0947802880514688,0.0000787717331377105
"497",496,0.00000000000000000000000000000000000000000000000135145060198907,0.0945742560681659,0.0000786069357261676
"498",497,0.00000000000000000000000000000000000000000000000107381670782841,0.0943685681271356,0.0000784423377802534
"499",498,0.000000000000000000000000000000000000000000000000853218253271204,0.0941632248902723,0.0000782779408373689
"500",499,0.000000000000000000000000000000000000000000000000677938220189712,0.0939582270016171,0.0000781137464093334
"501",500,0.000000000000000000000000000000000000000000000000538666664281859,0.0937535750875825,0.0000779497559826815
"502",501,0.00000000000000000000000000000000000000000000000042800622028265,0.093549269757174,0.0000777859710189588
"503",502,0.000000000000000000000000000000000000000000000000340079193214722,0.09334531160221,0.0000776223929550126
"504",503,0.000000000000000000000000000000000000000000000000270215366452384,0.0931417011975384,0.0000774590232032805
"505",504,0.000000000000000000000000000000000000000000000000214703944621789,0.0929384391012513,0.0000772958631520759
"506",505,0.000000000000000000000000000000000000000000000000170596455861733,0.0927355258548969,0.0000771329141658701
"507",506,0.000000000000000000000000000000000000000000000000135550144660131,0.0925329619836889,0.0000769701775855715
"508",507,0.000000000000000000000000000000000000000000000000107703537125497,0.092330747996714,0.0000768076547288019
"509",508,0.0000000000000000000000000000000000000000000000000855775693816377,0.0921288843871363,0.0000766453468901698
"510",509,0.0000000000000000000000000000000000000000000000000679970275510596,0.0919273716323997,0.0000764832553415407
"511",510,0.0000000000000000000000000000000000000000000000000540281266363197,0.0917262101944284,0.0000763213813323048
"512",511,0.0000000000000000000000000000000000000000000000000429289128210534,0.0915254005198243,0.0000761597260896411
"513",512,0.000000000000000000000000000000000000000000000000034109854824371,0.0913249430400623,0.0000759982908187796
"514",513,0.0000000000000000000000000000000000000000000000000271025311306991,0.0911248381716843,0.00007583707670326
"515",514,0.0000000000000000000000000000000000000000000000000215347499270414,0.0909250863164895,0.0000756760849051878
"516",515,0.0000000000000000000000000000000000000000000000000171107802508867,0.0907256878617235,0.000075515316565488
"517",516,0.000000000000000000000000000000000000000000000000013595644332349,0.090526643180265,0.000075354772804155
"518",517,0.0000000000000000000000000000000000000000000000000108026368231896,0.0903279526308102,0.0000751944547205015
"519",518,0.00000000000000000000000000000000000000000000000000858340800046288,0.0901296165580554,0.0000750343633934028
"520",519,0.0000000000000000000000000000000000000000000000000068200842172399,0.0899316352928767,0.0000748744998815402
"521",520,0.00000000000000000000000000000000000000000000000000541900708060673,0.089734009152509,0.0000747148652236403
"522",521,0.00000000000000000000000000000000000000000000000000430575881532885,0.0895367384407214,0.0000745554604387129
"523",522,0.00000000000000000000000000000000000000000000000000342120958692424,0.089339823447992,0.0000743962865262855
"524",523,0.00000000000000000000000000000000000000000000000000271837683894248,0.0891432644516793,0.0000742373444666354
"525",524,0.00000000000000000000000000000000000000000000000000215992982912875,0.0889470617161928,0.00007407863522102
"526",525,0.0000000000000000000000000000000000000000000000000017162068186893,0.0887512154931611,0.0000739201597319033
"527",526,0.00000000000000000000000000000000000000000000000000136363959828441,0.0885557260215978,0.0000737619189231813
"528",527,0.00000000000000000000000000000000000000000000000000108350166993825,0.0883605935280662,0.0000736039137004037
"529",528,0.000000000000000000000000000000000000000000000000000860913594938097,0.0881658182268414,0.0000734461449509943
"530",529,0.000000000000000000000000000000000000000000000000000684052677086764,0.0879714003200709,0.0000732886135444683
"531",530,0.000000000000000000000000000000000000000000000000000543525003880574,0.0877773399979334,0.0000731313203326473
"532",531,0.000000000000000000000000000000000000000000000000000431866491775908,0.0875836374387953,0.0000729742661498722
"533",532,0.000000000000000000000000000000000000000000000000000343146433719194,0.0873902928093662,0.0000728174518132135
"534",533,0.000000000000000000000000000000000000000000000000000272652491491052,0.0871973062648517,0.0000726608781226798
"535",534,0.000000000000000000000000000000000000000000000000000216640401331147,0.0870046779491049,0.0000725045458614231
"536",535,0.000000000000000000000000000000000000000000000000000172135098536082,0.0868124079947764,0.0000723484557959429
"537",536,0.000000000000000000000000000000000000000000000000000136772697825347,0.0866204965234618,0.0000721926086762873
"538",537,0.000000000000000000000000000000000000000000000000000108674936311738,0.0864289436458484,0.0000720370052362522
"539",538,0.0000000000000000000000000000000000000000000000000000863494101537837,0.0862377494618596,0.0000718816461935785
"540",539,0.0000000000000000000000000000000000000000000000000000686103059910512,0.0860469140607975,0.0000717265322501465
"541",540,0.0000000000000000000000000000000000000000000000000000545154168372673,0.0858564375214846,0.0000715716640921691
"542",541,0.0000000000000000000000000000000000000000000000000000433160970500354,0.085666319912403,0.0000714170423903819
"543",542,0.00000000000000000000000000000000000000000000000000003441749825098,0.0854765612918328,0.000071262667800232
"544",543,0.0000000000000000000000000000000000000000000000000000273469741396112,0.0852871617079878,0.0000711085409620639
"545",544,0.0000000000000000000000000000000000000000000000000000217289760324538,0.085098121199151,0.0000709546625013047
"546",545,0.0000000000000000000000000000000000000000000000000000172651057118257,0.0849094397938074,0.0000708010330286455
"547",546,0.0000000000000000000000000000000000000000000000000000137182660975514,0.0847211175107757,0.0000706476531402221
"548",547,0.0000000000000000000000000000000000000000000000000000109000679094786,0.0845331543593387,0.0000704945234177932
"549",548,0.00000000000000000000000000000000000000000000000000000866082342960619,0.0843455503393716,0.0000703416444289171
"550",549,0.00000000000000000000000000000000000000000000000000000688159588561716,0.0841583054414696,0.0000701890167271255
"551",550,0.00000000000000000000000000000000000000000000000000000546788216130349,0.0839714196470729,0.0000700366408520962
"552",551,0.00000000000000000000000000000000000000000000000000000434459329301631,0.0837848929285916,0.0000698845173298239
"553",552,0.00000000000000000000000000000000000000000000000000000345206614277557,0.0835987252495278,0.0000697326466727884
"554",553,0.00000000000000000000000000000000000000000000000000000274289440930016,0.0834129165645976,0.0000695810293801216
"555",554,0.00000000000000000000000000000000000000000000000000000217941065709736,0.0832274668198506,0.0000694296659377727
"556",555,0.00000000000000000000000000000000000000000000000000000173168562237198,0.0830423759527883,0.0000692785568186708
"557",556,0.00000000000000000000000000000000000000000000000000000137593852951223,0.0828576438924816,0.0000691277024828865
"558",557,0.00000000000000000000000000000000000000000000000000000109327398260837,0.0826732705596864,0.0000689771033777914
"559",558,0.00000000000000000000000000000000000000000000000000000086867834239084,0.0824892558669581,0.0000688267599382157
"560",559,0.000000000000000000000000000000000000000000000000000000690222281461908,0.0823055997187646,0.0000686766725866043
"561",560,0.000000000000000000000000000000000000000000000000000000548427161790727,0.082122302011598,0.000068526841733171
"562",561,0.000000000000000000000000000000000000000000000000000000435761579809897,0.0819393626340854,0.000068377267776051
"563",562,0.000000000000000000000000000000000000000000000000000000346241338263396,0.0817567814670976,0.0000682279511014518
"564",563,0.000000000000000000000000000000000000000000000000000000275111597435292,0.0815745583838574,0.0000680788920838021
"565",564,0.000000000000000000000000000000000000000000000000000000218594323320866,0.0813926932500462,0.0000679300910858997
"566",565,0.0000000000000000000000000000000000000000000000000000001736876185285,0.0812111859239091,0.0000677815484590568
"567",566,0.000000000000000000000000000000000000000000000000000000138006277435761,0.0810300362563595,0.0000676332645432448
"568",567,0.000000000000000000000000000000000000000000000000000000109655096736507,0.0808492440910818,0.0000674852396672364
"569",568,0.0000000000000000000000000000000000000000000000000000000871282123082388,0.0806688092646328,0.0000673374741487468
"570",569,0.000000000000000000000000000000000000000000000000000000069229115708784,0.0804887316065432,0.000067189968294573
"571",570,0.0000000000000000000000000000000000000000000000000000000550071020034805,0.0803090109394161,0.000067042722400732
"572",571,0.0000000000000000000000000000000000000000000000000000000437067733690175,0.0801296470790254,0.0000668957367525967
"573",572,0.0000000000000000000000000000000000000000000000000000000347279163735946,0.0799506398344132,0.0000667490116250308
"574",573,0.0000000000000000000000000000000000000000000000000000000275936218276478,0.0797719890079854,0.0000666025472825223
"575",574,0.0000000000000000000000000000000000000000000000000000000219249539009539,0.0795936943956068,0.000066456343979315
"576",575,0.0000000000000000000000000000000000000000000000000000000174208230641657,0.0794157557866942,0.000066310401959539
"577",576,0.0000000000000000000000000000000000000000000000000000000138419938123456,0.0792381729643099,0.0000661647214573393
"578",577,0.0000000000000000000000000000000000000000000000000000000109983777457182,0.0790609457052523,0.0000660193026970034
"579",578,0.00000000000000000000000000000000000000000000000000000000873893708358854,0.0788840737801469,0.0000658741458930873
"580",579,0.00000000000000000000000000000000000000000000000000000000694366233971641,0.0787075569535354,0.0000657292512505398
"581",580,0.00000000000000000000000000000000000000000000000000000000551719805587585,0.0785313949839642,0.0000655846189648259
"582",581,0.00000000000000000000000000000000000000000000000000000000438377802642451,0.0783555876240715,0.0000654402492220482
"583",582,0.00000000000000000000000000000000000000000000000000000000348320099991619,0.0781801346206738,0.0000652961421990677
"584",583,0.00000000000000000000000000000000000000000000000000000000276763310840188,0.0780050357148507,0.0000651522980636226
"585",584,0.00000000000000000000000000000000000000000000000000000000219906718644906,0.0778302906420297,0.000065008716974446
"586",585,0.00000000000000000000000000000000000000000000000000000000174730403240095,0.0776558991320689,0.0000648653990813821
"587",586,0.00000000000000000000000000000000000000000000000000000000138834838719711,0.0774818609093397,0.0000647223445255015
"588",587,0.0000000000000000000000000000000000000000000000000000000011031344336705,0.0773081756928078,0.0000645795534392148
"589",588,0.000000000000000000000000000000000000000000000000000000000876513121613738,0.0771348431961137,0.0000644370259463852
"590",589,0.000000000000000000000000000000000000000000000000000000000696447530700995,0.0769618631276519,0.0000642947621624392
"591",590,0.000000000000000000000000000000000000000000000000000000000553373533218206,0.0767892351906496,0.0000641527621944774
"592",591,0.000000000000000000000000000000000000000000000000000000000439691798401782,0.076616959083244,0.000064011026141382
"593",592,0.000000000000000000000000000000000000000000000000000000000349364156354691,0.076445034498559,0.0000638695540939254
"594",593,0.000000000000000000000000000000000000000000000000000000000277592882535174,0.0762734611247809,0.0000637283461348757
"595",594,0.000000000000000000000000000000000000000000000000000000000220565868113711,0.0761022386452332,0.000063587402339102
"596",595,0.000000000000000000000000000000000000000000000000000000000175254141001222,0.0759313667384506,0.000063446722773678
"597",596,0.000000000000000000000000000000000000000000000000000000000139250982941032,0.0757608450782517,0.000063306307497985
"598",597,0.00000000000000000000000000000000000000000000000000000000011064409741912,0.0755906733338118,0.000063166156563813
"599",598,0.0000000000000000000000000000000000000000000000000000000000879140386310663,0.0754208511697334,0.0000630262700154615
"600",599,0.0000000000000000000000000000000000000000000000000000000000698535065919295,0.0752513782461176,0.0000628866478898381
"601",600,0.0000000000000000000000000000000000000000000000000000000000555032217740075,0.075082254218633,0.000062747290216557
"602",601,0.0000000000000000000000000000000000000000000000000000000000441009732738397,0.0749134787385849,0.0000626081970180358
"603",602,0.0000000000000000000000000000000000000000000000000000000000350411342177388,0.0747450514529831,0.0000624693683095915
"604",603,0.0000000000000000000000000000000000000000000000000000000000278424940792396,0.0745769720046092,0.0000623308040995347
"605",604,0.0000000000000000000000000000000000000000000000000000000000221226993320342,0.0744092400320832,0.0000621925043892642
"606",605,0.0000000000000000000000000000000000000000000000000000000000175779448616463,0.0742418551699285,0.0000620544691733586
"607",606,0.0000000000000000000000000000000000000000000000000000000000139668374515067,0.0740748170486373,0.0000619166984396685
"608",607,0.0000000000000000000000000000000000000000000000000000000000110975742575256,0.0739081252947346,0.0000617791921694068
"609",608,0.00000000000000000000000000000000000000000000000000000000000881775525983577,0.0737417795308411,0.0000616419503372381
"610",609,0.00000000000000000000000000000000000000000000000000000000000700628858325819,0.073575779375736,0.0000615049729113671
"611",610,0.00000000000000000000000000000000000000000000000000000000000556695874011004,0.0734101244444187,0.0000613682598536265
"612",611,0.00000000000000000000000000000000000000000000000000000000000442331617457807,0.0732448143481703,0.0000612318111195625
"613",612,0.00000000000000000000000000000000000000000000000000000000000351461666839966,0.0730798486946129,0.0000610956266585213
"614",613,0.00000000000000000000000000000000000000000000000000000000000279259493065088,0.0729152270877704,0.0000609597064137326
"615",614,0.00000000000000000000000000000000000000000000000000000000000221890100186885,0.0727509491281264,0.0000608240503223938
"616",615,0.00000000000000000000000000000000000000000000000000000000000176306330791307,0.0725870144126831,0.0000606886583157521
"617",616,0.00000000000000000000000000000000000000000000000000000000000140087017180638,0.0724234225350183,0.0000605535303191864
"618",617,0.00000000000000000000000000000000000000000000000000000000000111308381806196,0.0722601730853425,0.0000604186662522875
"619",618,0.000000000000000000000000000000000000000000000000000000000000884418564236974,0.0720972656505546,0.0000602840660289385
"620",619,0.000000000000000000000000000000000000000000000000000000000000702728926675894,0.0719346998142982,0.0000601497295573929
"621",620,0.000000000000000000000000000000000000000000000000000000000000558364516933337,0.0717724751570153,0.000060015656740353
"622",621,0.000000000000000000000000000000000000000000000000000000000000443657464400909,0.0716105912560014,0.0000598818474750464
"623",622,0.0000000000000000000000000000000000000000000000000000000000003525151397508,0.071449047685458,0.0000597483016533027
"624",623,0.000000000000000000000000000000000000000000000000000000000000280096546828824,0.0712878440165465,0.0000596150191616284
"625",624,0.000000000000000000000000000000000000000000000000000000000000222555194653178,0.0711269798174396,0.0000594819998812812
"626",625,0.000000000000000000000000000000000000000000000000000000000000176834792245346,0.070966454653373,0.0000593492436883439
"627",626,0.000000000000000000000000000000000000000000000000000000000000140506914687772,0.0708062680866966,0.0000592167504537965
"628",627,0.000000000000000000000000000000000000000000000000000000000000111642018091587,0.0706464196769248,0.0000590845200435885
"629",628,0.0000000000000000000000000000000000000000000000000000000000000887069524746094,0.0704869089807859,0.0000589525523187096
"630",629,0.0000000000000000000000000000000000000000000000000000000000000704835289781062,0.0703277355522717,0.0000588208471352601
"631",630,0.0000000000000000000000000000000000000000000000000000000000000560038161454087,0.0701688989426855,0.0000586894043445202
"632",631,0.0000000000000000000000000000000000000000000000000000000000000444987285444091,0.0700103987006905,0.0000585582237930183
"633",632,0.0000000000000000000000000000000000000000000000000000000000000353571770346465,0.069852234372357,0.0000584273053225992
"634",633,0.0000000000000000000000000000000000000000000000000000000000000280936109581586,0.0696944055012091,0.0000582966487704907
"635",634,0.000000000000000000000000000000000000000000000000000000000000022322228267686,0.0695369116282712,0.0000581662539693701
"636",635,0.0000000000000000000000000000000000000000000000000000000000000177364837712319,0.0693797522921131,0.0000580361207474295
"637",636,0.0000000000000000000000000000000000000000000000000000000000000140928070797738,0.0692229270288958,0.0000579062489284403
"638",637,0.0000000000000000000000000000000000000000000000000000000000000111976654420003,0.0690664353724158,0.0000577766383318175
"639",638,0.00000000000000000000000000000000000000000000000000000000000000889728431257148,0.0689102768541488,0.0000576472887726826
"640",639,0.00000000000000000000000000000000000000000000000000000000000000706947966509254,0.0687544510032938,0.0000575182000619262
"641",640,0.00000000000000000000000000000000000000000000000000000000000000561716822565069,0.0685989573468154,0.0000573893720062697
"642",641,0.00000000000000000000000000000000000000000000000000000000000000446321092499341,0.0684437954094868,0.0000572608044083261
"643",642,0.0000000000000000000000000000000000000000000000000000000000000035463156809182,0.0682889647139314,0.0000571324970666605
"644",643,0.00000000000000000000000000000000000000000000000000000000000000281778188843829,0.0681344647806643,0.00005700444977585
"645",644,0.00000000000000000000000000000000000000000000000000000000000000223891370233432,0.0679802951281332,0.0000568766623265416
"646",645,0.00000000000000000000000000000000000000000000000000000000000000177896471940155,0.0678264552727589,0.0000567491345055118
"647",646,0.00000000000000000000000000000000000000000000000000000000000000141350489283078,0.0676729447289749,0.0000566218660957228
"648",647,0.00000000000000000000000000000000000000000000000000000000000000112312293788979,0.0675197630092673,0.0000564948568763802
"649",648,0.00000000000000000000000000000000000000000000000000000000000000089239530758752,0.0673669096242134,0.000056368106622989
"650",649,0.000000000000000000000000000000000000000000000000000000000000000709066975784954,0.06721438408252,0.000056241615107409
"651",650,0.000000000000000000000000000000000000000000000000000000000000000563400515303036,0.067062185891062,0.0000561153820979097
"652",651,0.00000000000000000000000000000000000000000000000000000000000000044765889751435,0.0669103145549195,0.0000559894073592248
"653",652,0.000000000000000000000000000000000000000000000000000000000000000355694542480095,0.0667587695774146,0.0000558636906526054
"654",653,0.000000000000000000000000000000000000000000000000000000000000000282622792158551,0.0666075504601488,0.0000557382317358735
"655",654,0.000000000000000000000000000000000000000000000000000000000000000224562463316303,0.0664566567030384,0.0000556130303634738
"656",655,0.000000000000000000000000000000000000000000000000000000000000000178429699691013,0.0663060878043507,0.0000554880862865257
"657",656,0.000000000000000000000000000000000000000000000000000000000000000141774173927642,0.0661558432607388,0.0000553633992528747
"658",657,0.000000000000000000000000000000000000000000000000000000000000000112648939205033,0.066005922567277,0.0000552389690071425
"659",658,0.0000000000000000000000000000000000000000000000000000000000000000895070177625984,0.065856325217495,0.0000551147952907771
"660",659,0.000000000000000000000000000000000000000000000000000000000000000071119233658937,0.0657070507034115,0.0000549908778421023
"661",660,0.0000000000000000000000000000000000000000000000000000000000000000565089254749811,0.0655580985155684,0.0000548672163963663
"662",661,0.0000000000000000000000000000000000000000000000000000000000000000449000712472623,0.0654094681430635,0.00005474381068579
"663",662,0.0000000000000000000000000000000000000000000000000000000000000000356760703032976,0.0652611590735834,0.0000546206604396145
"664",663,0.000000000000000000000000000000000000000000000000000000000000000028346992709136,0.0651131707934357,0.0000544977653841482
"665",664,0.0000000000000000000000000000000000000000000000000000000000000000225235567936847,0.0649655027875812,0.0000543751252428136
"666",665,0.0000000000000000000000000000000000000000000000000000000000000000178964525741327,0.0648181545396653,0.0000542527397361929
"667",666,0.0000000000000000000000000000000000000000000000000000000000000000142199128526621,0.0646711255320489,0.0000541306085820735
"668",667,0.0000000000000000000000000000000000000000000000000000000000000000112986593683695,0.0645244152458395,0.000054008731495493
"669",668,0.00000000000000000000000000000000000000000000000000000000000000000897753065332922,0.0643780231609214,0.0000538871081887835
"670",669,0.00000000000000000000000000000000000000000000000000000000000000000713324067960607,0.0642319487559858,0.0000537657383716154
"671",670,0.00000000000000000000000000000000000000000000000000000000000000000566783056032423,0.0640861915085604,0.0000536446217510407
"672",671,0.00000000000000000000000000000000000000000000000000000000000000000450346549393582,0.0639407508950384,0.0000535237580315358
"673",672,0.00000000000000000000000000000000000000000000000000000000000000000357830059300687,0.0637956263907076,0.0000534031469150441
"674",673,0.0000000000000000000000000000000000000000000000000000000000000000028431960123054,0.0636508174697791,0.0000532827881010169
"675",674,0.00000000000000000000000000000000000000000000000000000000000000000225910690124456,0.0635063236054151,0.000053162681286456
"676",675,0.00000000000000000000000000000000000000000000000000000000000000000179500954881848,0.0633621442697569,0.0000530428261659531
"677",676,0.00000000000000000000000000000000000000000000000000000000000000000142625356886584,0.0632182789339523,0.0000529232224317312
"678",677,0.00000000000000000000000000000000000000000000000000000000000000000113325260249536,0.0630747270681827,0.0000528038697736839
"679",678,0.00000000000000000000000000000000000000000000000000000000000000000090044399474053,0.0629314881416901,0.000052684767879415
"680",679,0.000000000000000000000000000000000000000000000000000000000000000000715462188993831,0.0627885616228032,0.0000525659164342771
"681",680,0.000000000000000000000000000000000000000000000000000000000000000000568481934323243,0.0626459469789635,0.0000524473151214101
"682",681,0.000000000000000000000000000000000000000000000000000000000000000000451696420332679,0.0625036436767515,0.0000523289636217796
"683",682,0.000000000000000000000000000000000000000000000000000000000000000000358902620862079,0.0623616511819117,0.0000522108616142137
"684",683,0.00000000000000000000000000000000000000000000000000000000000000000028517182218712,0.0622199689593779,0.0000520930087754407
"685",684,0.000000000000000000000000000000000000000000000000000000000000000000226587835926597,0.062078596473298,0.0000519754047801252
"686",685,0.000000000000000000000000000000000000000000000000000000000000000000180038991917685,0.0619375331870585,0.0000518580493009048
"687",686,0.000000000000000000000000000000000000000000000000000000000000000000143052862825508,0.0617967785633087,0.0000517409420084253
"688",687,0.000000000000000000000000000000000000000000000000000000000000000000113664941936189,0.0616563320639842,0.0000516240825713765
"689",688,0.0000000000000000000000000000000000000000000000000000000000000000000903142989953042,0.0615161931503313,0.0000515074706565267
"690",689,0.0000000000000000000000000000000000000000000000000000000000000000000717606718841447,0.0613763612829294,0.0000513911059287574
"691",690,0.0000000000000000000000000000000000000000000000000000000000000000000570185904840122,0.0612368359217143,0.0000512749880510975
"692",691,0.0000000000000000000000000000000000000000000000000000000000000000000453050337381499,0.0610976165260011,0.0000511591166847565
"693",692,0.0000000000000000000000000000000000000000000000000000000000000000000359978397324716,0.0609587025545063,0.0000510434914891582
"694",693,0.0000000000000000000000000000000000000000000000000000000000000000000286026597594943,0.0608200934653699,0.0000509281121219732
"695",694,0.000000000000000000000000000000000000000000000000000000000000000000022726701140886,0.0606817887161773,0.0000508129782391516
"696",695,0.0000000000000000000000000000000000000000000000000000000000000000000180578641668352,0.0605437877639809,0.0000506980894949549
"697",696,0.0000000000000000000000000000000000000000000000000000000000000000000143481650172814,0.0604060900653213,0.0000505834455419879
"698",697,0.0000000000000000000000000000000000000000000000000000000000000000000114005641786383,0.060268695076248,0.0000504690460312294
"699",698,0.0000000000000000000000000000000000000000000000000000000000000000000090585007514694,0.0601316022523407,0.000050354890612064
"700",699,0.00000000000000000000000000000000000000000000000000000000000000000000719757676713266,0.0599948110487292,0.0000502409789323118
"701",700,0.00000000000000000000000000000000000000000000000000000000000000000000571894982846521,0.0598583209201137,0.0000501273106382591
"702",701,0.00000000000000000000000000000000000000000000000000000000000000000000454408312667871,0.0597221313207851,0.0000500138853746879
"703",702,0.00000000000000000000000000000000000000000000000000000000000000000000361057398324958,0.0595862417046441,0.0000499007027849055
"704",703,0.00000000000000000000000000000000000000000000000000000000000000000000286883935110734,0.059450651525221,0.0000497877625107734
"705",704,0.0000000000000000000000000000000000000000000000000000000000000000000022794822265502,0.0593153602356945,0.0000496750641927364
"706",705,0.00000000000000000000000000000000000000000000000000000000000000000000181119908967808,0.059180367288911,0.0000495626074698504
"707",706,0.00000000000000000000000000000000000000000000000000000000000000000000143911722769401,0.0590456721374029,0.000049450391979811
"708",707,0.00000000000000000000000000000000000000000000000000000000000000000000114347362851966,0.0589112742334075,0.0000493384173589808
"709",708,0.000000000000000000000000000000000000000000000000000000000000000000000908565274571175,0.0587771730288844,0.0000492266832424169
"710",709,0.00000000000000000000000000000000000000000000000000000000000000000000072191508187668,0.058643367975534,0.0000491151892638978
"711",710,0.000000000000000000000000000000000000000000000000000000000000000000000573609183651655,0.0585098585248152,0.0000490039350559503
"712",711,0.000000000000000000000000000000000000000000000000000000000000000000000455770358355976,0.0583766441279626,0.0000488929202498757
"713",712,0.000000000000000000000000000000000000000000000000000000000000000000000362139633528051,0.0582437242360038,0.0000487821444757758
"714",713,0.000000000000000000000000000000000000000000000000000000000000000000000287743842414168,0.0581110982997765,0.0000486716073625788
"715",714,0.000000000000000000000000000000000000000000000000000000000000000000000228631475767085,0.0579787657699451,0.0000485613085380644
"716",715,0.000000000000000000000000000000000000000000000000000000000000000000000181662798664502,0.0578467260970176,0.0000484512476288892
"717",716,0.000000000000000000000000000000000000000000000000000000000000000000000144343084467683,0.0577149787313616,0.0000483414242606113
"718",717,0.000000000000000000000000000000000000000000000000000000000000000000000114690108193935,0.0575835231232204,0.0000482318380577147
"719",718,0.000000000000000000000000000000000000000000000000000000000000000000000091128861254738,0.0574523587227292,0.0000481224886436339
"720",719,0.0000000000000000000000000000000000000000000000000000000000000000000000724078953656831,0.0573214849799306,0.000048013375640777
"721",720,0.0000000000000000000000000000000000000000000000000000000000000000000000575328522610626,0.05719090134479,0.00004790449867055
"722",721,0.0000000000000000000000000000000000000000000000000000000000000000000000457136486646456,0.0570606072672109,0.0000477958573533799
"723",722,0.0000000000000000000000000000000000000000000000000000000000000000000000363225112628208,0.0569306021970505,0.0000476874513087375
"724",723,0.0000000000000000000000000000000000000000000000000000000000000000000000288606327207939,0.0568008855841335,0.0000475792801551601
"725",724,0.0000000000000000000000000000000000000000000000000000000000000000000000229316776865354,0.0566714568782677,0.0000474713435102743
"726",725,0.0000000000000000000000000000000000000000000000000000000000000000000000182207315621415,0.0565423155292583,0.0000473636409908177
"727",726,0.0000000000000000000000000000000000000000000000000000000000000000000000144775739131619,0.0564134609869216,0.0000472561722126612
"728",727,0.0000000000000000000000000000000000000000000000000000000000000000000000115033880882459,0.0562848927010999,0.0000471489367908303
"729",728,0.0000000000000000000000000000000000000000000000000000000000000000000000091402011347009,0.0561566101216747,0.0000470419343395264
"730",729,0.00000000000000000000000000000000000000000000000000000000000000000000000726249311436788,0.0560286126985808,0.0000469351644721483
"731",730,0.00000000000000000000000000000000000000000000000000000000000000000000000577053015124561,0.0559008998818197,0.0000468286268013125
