"","V1","V2","V3","V4"
"1",0,5,0,5
"2",1,19.1716714376872,0.000426682537396789,5.29104148792069
"3",2,15.3653213433276,0.000979850147171098,4.21542864679804
"4",3,12.209424750926,0.00164967328009813,3.34940137649474
"5",4,9.70081061277393,0.0024269498483269,2.66121458223878
"6",5,7.70762236709406,0.00330306672664733,2.11442637595001
"7",6,6.12395858462559,0.00426996298937255,1.6799824997878
"8",7,4.8656891766164,0.00532009638881288,1.33480375416166
"9",8,3.86595676999246,0.00644641034827793,1.06054907058128
"10",9,3.07163391376682,0.00764230391130752,0.842644085422504
"11",10,2.44051250002972,0.00890160365037307,0.669510043373262
"12",11,1.93906968336058,0.0102185376268312,0.531950214718406
"13",12,1.54065636188863,0.0115877095930014,0.422654460903577
"14",13,1.22410198428798,0.0130040759973679,0.335814964987069
"15",14,0.972590266409118,0.0144629243888962,0.266818355508613
"16",15,0.772755162388699,0.0159598524157975,0.211998294251235
"17",16,0.613980029941998,0.017490748760842,0.168442071366041
"18",17,0.48782687571989,0.0190517748756684,0.133834977026659
"19",18,0.387594682969852,0.0206393483205746,0.10633866907111
"20",19,0.307957842600888,0.0222501264798138,0.0844920889661581
"21",20,0.244681772538266,0.023880991779218,0.0671341809244775
"22",21,0.194407037375774,0.0255290369256072,0.0533427478682291
"23",22,0.154464288982804,0.0271915556856099,0.0423856172666755
"24",23,0.122727003140635,0.0288660215987441,0.0336795120528489
"25",24,0.0975101925457958,0.0305500860499535,0.0267621481878546
"26",25,0.0774750912304912,0.0322415626396256,0.0212662579816125
"27",26,0.0615576995062946,0.0339384197868797,0.0169000118318437
"28",27,0.048909903300323,0.0356387632650974,0.0134307713096642
"29",28,0.0388603054561527,0.0373408373006995,0.0106742311859988
"30",29,0.0308759538164072,0.0390430120762412,0.00848423854151915
"31",30,0.0245322239141067,0.0407437751955692,0.00674436552808155
"32",31,0.0194921524701284,0.0424417237922864,0.00536212621845909
"33",32,0.0154876204622397,0.0441355575481525,0.00426394201638206
"34",33,0.0123052033727087,0.0458240745727021,0.00339141055593685
"35",34,0.00977698929620014,0.0475061645248248,0.00269830888383497
"36",35,0.00776788504467719,0.049180800252196,0.00214769965001221
"37",36,0.00617215765450204,0.0508470337788083,0.00171035165897041
"38",37,0.00490406663970588,0.0525039937222978,0.00136296261471951
"39",38,0.00389676403036975,0.0541508805665163,0.0010871419342014
"40",39,0.00309608692890103,0.0557869494370016,0.000868012274060375
"41",40,0.00246009752644511,0.0574115311836743,0.000694083135599372
"42",41,0.00195471604932892,0.0590240015180089,0.000555981871982761
"43",42,0.00155307039275975,0.0606237958568243,0.000446357628771202
"44",43,0.00123384848999445,0.0622103964713746,0.000359356060406937
"45",44,0.000980652252627412,0.0637833490554571,0.000290479369510794
"46",45,0.000779301394142142,0.0653422104340607,0.000235824594463385
"47",46,0.000619133827918969,0.0668866013355434,0.000192499541177497
"48",47,0.000491564051086617,0.0684161606849509,0.000158120269672353
"49",48,0.000389855517673074,0.0699305759032264,0.000130840964256572
"50",49,0.000309458649717181,0.0714296120642446,0.000109418001818786
"51",50,0.000246184641925361,0.0729130336222603,0.0000927020659624305
"52",51,0.000195997707946926,0.0743805929391197,0.0000795855089841403
"53",52,0.000156014642613535,0.0758320921151003,0.0000692769894207933
"54",53,0.00012405584372037,0.0772673638495669,0.0000611767649028378
"55",54,0.0000984742355381655,0.0786862685160589,0.0000548338585631558
"56",55,0.0000781201488227578,0.0800886944648847,0.0000499315608702
"57",56,0.0000620107031424596,0.0814745473899272,0.00004620043851381
"58",57,0.0000492662021615518,0.082843747559218,0.0000433984929461294
"59",58,0.0000391526438509508,0.0841962318782923,0.0000413242797707475
"60",59,0.0000311085044305126,0.0855319547696471,0.0000398231890599142
"61",60,0.0000247091638253459,0.0868508869940525,0.0000387784472370127
"62",61,0.0000196245349260335,0.0881530138368668,0.0000380990587866179
"63",62,0.0000155877956545232,0.0894383336867893,0.0000377115229630712
"64",63,0.0000123830220268257,0.0907068570925833,0.0000375562231667107
"65",64,0.00000983741414798341,0.0919586060040167,0.0000375854284489296
"66",65,0.0000078147842062761,0.0931936130040904,0.000037761423287902
"67",66,0.00000620771486025488,0.094411920519339,0.0000380544176884995
"68",67,0.00000493114428788503,0.0956135800595242,0.0000384407464442363
"69",68,0.00000391718658307404,0.0967986515140974,0.0000389014720395634
"70",69,0.00000311177640608384,0.0979672025126174,0.0000394214527415928
"71",70,0.00000247196448802192,0.0991193078261745,0.0000399886031857367
"72",71,0.00000196368504047591,0.100255048804298,0.0000405932829968007
"73",72,0.00000155990705598335,0.101374512845409,0.0000412277892217151
"74",73,0.00000123924821745891,0.10247779293328,0.0000418859756993063
"75",74,0.00000098471746256472,0.103564987142768,0.0000425629081610122
"76",75,0.000000782580485861231,0.104636198132267,0.0000432545530705831
"77",76,0.000000621878614335375,0.105691532786814,0.0000439576457151397
"78",77,0.000000494083703069994,0.106731101913062,0.000044669595200873
"79",78,0.000000392540604182375,0.107755019876451,0.0000453883313830728
"80",79,0.000000311908840642331,0.108763404219668,0.0000461121519729286
"81",80,0.000000247857377498258,0.109756375334906,0.0000468396386493887
"82",81,0.000000196941280581406,0.110734056192799,0.0000475696227498397
"83",82,0.000000156468561614042,0.111696572088791,0.0000483011488913414
"84",83,0.000000124316876638421,0.112644050387876,0.0000490334249489986
"85",84,0.0000000987817079510012,0.113576620278928,0.000049765779875309
"86",85,0.0000000784937192769796,0.114494412551807,0.0000504976406784306
"87",86,0.0000000623679963137299,0.115397559395726,0.0000512285190186782
"88",87,0.0000000495517965318878,0.116286194210377,0.0000519579967836562
"89",88,0.0000000393708685029927,0.117160451426038,0.0000526857104517185
"90",89,0.0000000312842433872951,0.118020466335173,0.0000534113392497391
"91",90,0.0000000248585602446265,0.11886637493676,0.0000541345980067123
"92",91,0.0000000197513830135823,0.119698313792381,0.0000548552322093668
"93",92,0.0000000156930653550627,0.12051641989201,0.0000555730129379666
"94",93,0.0000000124691109862474,0.121320830528483,0.0000562877320491353
"95",94,0.00000000990785076894205,0.122111683180649,0.0000569991986451784
"96",95,0.00000000787260474813629,0.122889115405026,0.0000577072367469163
"97",96,0.00000000625521887556277,0.123653264735377,0.0000584116834417128
"98",97,0.00000000497005892993918,0.124404268589433,0.000059112387152651
"99",98,0.00000000394902540056555,0.125142264182266,0.0000598092061363418
"100",99,0.00000000313782666500427,0.125867388445997,0.0000605020073392074
"101",100,0.00000000249324884152083,0.126579777955502,0.0000611906655535492
"102",101,0.00000000198102812993602,0.127279568859722,0.0000618750627279466
"103",102,0.00000000157402613127177,0.127966896818178,0.0000625550873502204
"104",103,0.0000000012506692036249,0.128641896942336,0.000063230633912523
"105",104,0.000000000993757294933988,0.129304703741555,0.0000639016024834627
"106",105,0.000000000789610948089175,0.129955451073322,0.0000645678983686545
"107",106,0.000000000627390342389045,0.13059427209751,0.0000652294318183629
"108",107,0.000000000498497871286029,0.131221299234372,0.0000658861177626511
"109",108,0.000000000396091417184547,0.131836664126055,0.0000665378755783743
"110",109,0.000000000314723972292579,0.132440497601391,0.0000671846288904655
"111",110,0.000000000250069316300929,0.133032929643768,0.0000678263053985701
"112",111,0.000000000198695173633506,0.133614089361875,0.0000684628367190966
"113",112,0.000000000157875590237283,0.134184104963139,0.0000690941582392024
"114",113,0.000000000125442920226984,0.13474310372967,0.0000697202089827527
"115",114,0.0000000000996733311055957,0.135291211996559,0.0000703409314872876
"116",115,0.0000000000791971439404562,0.135828555132371,0.0000709562716895442
"117",116,0.000000000062927011791869,0.136355257521693,0.0000715661788172706
"118",117,0.0000000000499994641432162,0.136871442549594,0.0000721706052862259
"119",118,0.0000000000397280025023172,0.137377232587879,0.0000727695066020447
"120",119,0.0000000000315666776308179,0.137872748983008,0.0000733628412665756
"121",120,0.0000000000250817914165063,0.138358112045584,0.0000739505706879767
"122",121,0.0000000000199290505683215,0.138833441041285,0.0000745326590938956
"123",122,0.0000000000158349261696369,0.139298854183157,0.0000751090734474135
"124",123,0.0000000000125819305435452,0.139754468625174,0.0000756797833656266
"125",124,0.00000000000999719688404239,0.140200400456973,0.0000762447610406814
"126",125,0.00000000000794342432227519,0.140636764699686,0.0000768039811630187
"127",126,0.00000000000631156054068843,0.141063675302798,0.000077357420846641
"128",127,0.00000000000501494893979834,0.141481245141949,0.0000779050595563038
"129",128,0.00000000000398471432188465,0.141889586017629,0.0000784468790365561
"130",129,0.00000000000316612319772574,0.142288808654683,0.0000789828632425488
"131",130,0.00000000000251569234826622,0.142679022702593,0.0000795129982725304
"132",131,0.00000000000199888011295558,0.143060336736458,0.0000800372723019629
"133",132,0.00000000000158824166159721,0.143432858258633,0.0000805556755192108
"134",133,0.00000000000126196471173792,0.143796693700983,0.0000810682000627623
"135",134,0.00000000000100271521770463,0.144151948427692,0.0000815748399599423
"136",135,0.000000000000796722705791274,0.144498726738602,0.0000820755910670783
"137",136,0.000000000000633048039803346,0.144837131873028,0.0000825704510110838
"138",137,0.000000000000502998584241305,0.145167266014024,0.0000830594191324297
"139",138,0.000000000000399665983013569,0.145489230293053,0.000083542496429474
"140",139,0.000000000000317561082014438,0.145803124795039,0.0000840196855041242
"141",140,0.000000000000252323079476377,0.146109048563768,0.0000844909905088024
"142",141,0.000000000000200487238377517,0.146407099607606,0.0000849564170946897
"143",142,0.000000000000159300375218923,0.146697374905505,0.0000854159723612229
"144",143,0.000000000000126574731658577,0.146979970413289,0.0000858696648068215
"145",144,0.000000000000100571997421812,0.147254981070173,0.0000863175042808198
"146",145,0.0000000000000799110589285888,0.147522500805506,0.0000867595019365806
"147",146,0.0000000000000634945849856919,0.147782622545724,0.0000871956701857687
"148",147,0.000000000000050450647043667,0.148035438221476,0.0000876260226537605
"149",148,0.0000000000000400863879161223,0.148281038774922,0.0000880505741361673
"150",149,0.0000000000000318512829941782,0.148519514167177,0.0000884693405564515
"151",150,0.0000000000000253079368216449,0.148750953385889,0.0000888823389246124
"152",151,0.0000000000000201088221607197,0.148975444452934,0.0000892895872969216
"153",152,0.0000000000000159777903344573,0.149193074432217,0.0000896911047366856
"154",153,0.0000000000000126954123238255,0.149403929437565,0.0000900869112760148
"155",154,0.0000000000000100873423384766,0.149608094640701,0.0000904770278785794
"156",155,0.00000000000000801505753380935,0.149805654279285,0.0000908614764033296
"157",156,0.00000000000000636849188448509,0.149996691665016,0.0000912402795691623
"158",157,0.00000000000000506018784171811,0.150181289191786,0.0000916134609205125
"159",158,0.00000000000000402065376764405,0.150359528343867,0.0000919810447938508
"160",159,0.00000000000000319467471323919,0.150531489704137,0.0000923430562850669
"161",160,0.00000000000000253837957253976,0.150697252962325,0.0000926995212177213
"162",161,0.00000000000000201691000375338,0.15085689692328,0.0000930504661121442
"163",162,0.00000000000000160256829735267,0.151010499515245,0.0000933959181553657
"164",163,0.00000000000000127334643039253,0.151158137798131,0.0000937359051718565
"165",164,0.00000000000000101175773679623,0.151299887971804,0.0000940704555950637
"166",165,0.000000000000000803908208807595,0.151435825384347,0.000094399598439721
"167",166,0.000000000000000638758132910975,0.151566024540322,0.000094723363274919
"168",167,0.000000000000000507535548079303,0.151690559109013,0.0000950417801979166
"169",168,0.000000000000000403270509993034,0.151809501932641,0.0000953548798086768
"170",169,0.000000000000000320425020301114,0.151922925034567,0.0000956626931851114
"171",170,0.000000000000000254598814800893,0.152030899627452,0.0000959652518590176
"172",171,0.000000000000000202295566586694,0.152133496121397,0.00009626258779269
"173",172,0.000000000000000160737188239143,0.152230784132036,0.0000965547333561944
"174",173,0.000000000000000127716308056972,0.152322832488604,0.0000968417213052854
"175",174,0.000000000000000101479033971246,0.152409709241953,0.0000971235847599549
"176",175,0.0000000000000000806317878716935,0.15249148167253,0.0000974003571835958
"177",176,0.0000000000000000640672779888411,0.152568216298311,0.0000976720723627658
"178",177,0.0000000000000000509056831817101,0.15263997888268,0.0000979387643875386
"179",178,0.0000000000000000404479260073299,0.152706834442269,0.0000982004676324272
"180",179,0.0000000000000000321385460799533,0.152768847254738,0.0000984572167378661
"181",180,0.0000000000000000255361955389191,0.152826080866507,0.0000987090465922396
"182",181,0.0000000000000000202901932310364,0.152878598100433,0.0000989559923144417
"183",182,0.0000000000000000161218982614277,0.152926461063431,0.0000991980892369564
"184",183,0.0000000000000000128099122949182,0.152969731154039,0.000099435372889444
"185",184,0.000000000000000010178320628913,0.153008469069923,0.0000996678789828229
"186",185,0.0000000000000000080873475110482,0.153042734815332,0.0000998956433938335
"187",186,0.00000000000000000642593149446751,0.15307258770848,0.000100118702150073
"188",187,0.00000000000000000510582678747532,0.153098086388879,0.000100337091415489
"189",188,0.00000000000000000405691639254436,0.15311928882461,0.00010055084747632
"190",189,0.00000000000000000322348782099507,0.153136252319525,0.000100760006727478
"191",190,0.00000000000000000256127382957267,0.153149033520401,0.000100964605659347
"192",191,0.00000000000000000203510113216387,0.153157688424015,0.000101164680845004
"193",192,0.00000000000000000161702219593147,0.153162272384173,0.000101360268927847
"194",193,0.00000000000000000128483086691361,0.153162840118666,0.000101551406609609
"195",194,0.00000000000000000102088292017293,0.153159445716164,0.000101738130638765
"196",195,0.000000000000000000811158862398415,0.153152142643057,0.000101920477799306
"197",196,0.000000000000000000644519263221088,0.153140983750213,0.000102098484899891
"198",197,0.00000000000000000051211310008018,0.153126021279699,0.000102272188763337
"199",198,0.000000000000000000406907658998407,0.153107306871413,0.000102441626216477
"200",199,0.000000000000000000323314991631908,0.153084891569673,0.000102606834080338
"201",200,0.000000000000000000256895101959955,0.15305882582973,0.000102767849160658
"202",201,0.000000000000000000204120116231606,0.153029159524227,0.000102924708238725
"203",202,0.000000000000000000162186905894036,0.152995941949589,0.000103077448062521
"204",203,0.00000000000000000012886820181624,0.152959221832353,0.000103226105338182
"205",204,0.000000000000000000102394292179456,0.152919047335434,0.000103370716721743
"206",205,0.0000000000000000000813590238244823,0.152875466064337,0.000103511318811178
"207",206,0.0000000000000000000646451148392962,0.15282852507329,0.000103647948138723
"208",207,0.0000000000000000000513648108347047,0.152778270871336,0.000103780641163472
"209",208,0.0000000000000000000408127325435673,0.152724749428348,0.000103909434264232
"210",209,0.0000000000000000000324284098222533,0.152668006180988,0.000104034363732653
"211",210,0.0000000000000000000257665121057193,0.152608086038612,0.000104155465766594
"212",211,0.0000000000000000000204731946822788,0.152545033389101,0.000104272776463751
"213",212,0.0000000000000000000162673045476241,0.152478892104647,0.000104386331815511
"214",213,0.0000000000000000000129254471842613,0.152409705547468,0.000104496167701048
"215",214,0.0000000000000000000102701209397236,0.152337516575468,0.000104602319881645
"216",215,0.00000000000000000000816028899054133,0.152262367547844,0.00010470482399523
"217",216,0.00000000000000000000648388824358387,0.152184300330621,0.000104803715551136
"218",217,0.00000000000000000000515187718758937,0.152103356302144,0.000104899029925064
"219",218,0.00000000000000000000409350647898505,0.152019576358504,0.000104990802354251
"220",219,0.00000000000000000000325256109398487,0.151933000918905,0.000105079067932837
"221",220,0.00000000000000000000258437448057265,0.151843669930985,0.000105163861607421
"222",221,0.00000000000000000000205345611207325,0.15175162287607,0.000105245218172811
"223",222,0.00000000000000000000163160642268704,0.151656898774374,0.000105323172267944
"224",223,0.00000000000000000000129641899843757,0.151559536190154,0.000105397758371997
"225",224,0.00000000000000000000103009046584256,0.151459573236793,0.000105469010800659
"226",225,0.000000000000000000000818474868259169,0.151357047581845,0.000105536963702575
"227",226,0.000000000000000000000650332307958275,0.151251996452018,0.000105601651055953
"228",227,0.000000000000000000000516731944718882,0.151144456638103,0.000105663106665323
"229",228,0.000000000000000000000410577637482558,0.151034464499852,0.000105721364158461
"230",229,0.000000000000000000000326231033765338,0.150922055970806,0.00010577645698345
"231",230,0.000000000000000000000259212089825961,0.150807266563067,0.000105828418405891
"232",231,0.000000000000000000000205961115099923,0.150690131372022,0.000105877281506257
"233",232,0.000000000000000000000163649700684944,0.150570685081011,0.000105923079177379
"234",233,0.000000000000000000000130030489105817,0.150448961965952,0.000105965844122069
"235",234,0.00000000000000000000010331780645399,0.150324995899907,0.000106005608850867
"236",235,0.0000000000000000000000820928168938934,0.15019882035761,0.00010604240567992
"237",236,0.0000000000000000000000652281616941539,0.150070468419929,0.000106076266728976
"238",237,0.000000000000000000000051828079944683,0.149939972778302,0.000106107223919498
"239",238,0.000000000000000000000041180830497196,0.1498073657391,0.000106135308972895
"240",239,0.0000000000000000000000327208880324694,0.149672679227964,0.000106160553408861
"241",240,0.0000000000000000000000259989053396674,0.149535944794081,0.000106182988543822
"242",241,0.0000000000000000000000206578463919404,0.14939719361442,0.00010620264548949
"243",242,0.0000000000000000000000164140225081922,0.149256456497916,0.000106219555151517
"244",243,0.0000000000000000000000130420243132018,0.149113763889616,0.000106233748228245
"245",244,0.0000000000000000000000103627491762652,0.148969145874773,0.000106245255209556
"246",245,0.00000000000000000000000823388823072806,0.148822632182896,0.00010625410637581
"247",246,0.00000000000000000000000654236768958921,0.148674252191763,0.000106260331796879
"248",247,0.00000000000000000000000519834296776611,0.148524034931375,0.000106263961331256
"249",248,0.00000000000000000000000413042661221172,0.148372009087885,0.000106265024625264
"250",249,0.00000000000000000000000328189657861135,0.148218203007466,0.000106263551112333
"251",250,0.00000000000000000000000260768345843895,0.148062644700151,0.000106259570012364
"252",251,0.00000000000000000000000207197663186575,0.147905361843623,0.000106253110331165
"253",252,0.00000000000000000000000164632219789022,0.147746381786961,0.000106244200859966
"254",253,0.00000000000000000000000130811165414988,0.147585731554355,0.000106232870174999
"255",254,0.00000000000000000000000103938105314714,0.147423437848767,0.000106219146637155
"256",255,0.000000000000000000000000825856852705293,0.147259527055563,0.000106203058391701
"257",256,0.000000000000000000000000656197781408978,0.147094025246098,0.000106184633368068
"258",257,0.00000000000000000000000052139245062735,0.146926958181263,0.000106163899279697
"259",258,0.000000000000000000000000414280717314719,0.146758351314995,0.000106140883623953
"260",259,0.000000000000000000000000329173375148495,0.146588229797744,0.000106115613682085
"261",260,0.000000000000000000000000261549974151822,0.146416618479906,0.000106088116519256
"262",261,0.000000000000000000000000207818718462313,0.146243541915214,0.000106058418984624
"263",262,0.000000000000000000000000165125689203379,0.146069024364097,0.00010602654771147
"264",263,0.000000000000000000000000131203259443849,0.145893089796993,0.000105992529117383
"265",264,0.000000000000000000000000104249649900416,0.145715761897635,0.000105956389404497
"266",265,0.0000000000000000000000000828332280033206,0.145537064066295,0.000105918154559767
"267",266,0.0000000000000000000000000658164671811903,0.14535701942299,0.000105877850355299
"268",267,0.0000000000000000000000000522955274903238,0.14517565081066,0.000105835502348721
"269",268,0.0000000000000000000000000415522484364482,0.144992980798304,0.000105791135883596
"270",269,0.0000000000000000000000000330160041025051,0.144809031684082,0.000105744776089881
"271",270,0.000000000000000000000000026233394531286,0.144623825498386,0.000105696447884417
"272",271,0.0000000000000000000000000208441635299235,0.144437384006874,0.000105646175971466
"273",272,0.0000000000000000000000000165620637748845,0.144249728713472,0.000105593984843283
"274",273,0.000000000000000000000000013159652873337,0.144060880863338,0.000105539898780718
"275",274,0.0000000000000000000000000104562128308874,0.143870861445802,0.00010548394185386
"276",275,0.00000000000000000000000000830815127236152,0.143679691197263,0.000105426137922707
"277",276,0.00000000000000000000000000660137457795733,0.143487390604062,0.000105366510637872
"278",277,0.00000000000000000000000000524522783590478,0.143293979905317,0.000105305083441318
"279",278,0.00000000000000000000000000416767973486814,0.143099479095733,0.000105241879567121
"280",279,0.00000000000000000000000000331149664339819,0.142903907928371,0.000105176922042265
"281",280,0.00000000000000000000000000263120266354415,0.142707285917396,0.000105110233687456
"282",281,0.00000000000000000000000000209066419270307,0.142509632340792,0.00010504183711797
"283",282,0.00000000000000000000000000166117069855857,0.142310966243039,0.00010497175474452
"284",283,0.0000000000000000000000000013199097680991,0.14211130643777,0.00010490000877415
"285",284,0.0000000000000000000000000010487554334079,0.141910671510395,0.00010482662121115
"286",285,0.000000000000000000000000000833305416538144,0.141709079820693,0.00010475161385799
"287",286,0.000000000000000000000000000662116157025092,0.141506549505379,0.000104675008316282
"288",287,0.000000000000000000000000000526094990736432,0.141303098480639,0.000104596825987752
"289",288,0.000000000000000000000000000418017195839743,0.141098744444639,0.000104517088075239
"290",289,0.000000000000000000000000000332142253955437,0.140893504880008,0.000104435815583706
"291",290,0.000000000000000000000000000263908944320826,0.140687397056284,0.000104353029321273
"292",291,0.000000000000000000000000000209693075972594,0.140480438032345,0.00010426874990026
"293",292,0.000000000000000000000000000166614989969911,0.140272644658806,0.000104182997738253
"294",293,0.000000000000000000000000000132386607206656,0.140064033580386,0.000104095793059175
"295",294,0.000000000000000000000000000105189897804741,0.139854621238261,0.000104007155894383
"296",295,0.000000000000000000000000000083580317024667,0.139644423872372,0.000103917106083765
"297",296,0.0000000000000000000000000000664100787216871,0.139433457523727,0.00010382566327686
"298",297,0.0000000000000000000000000000527671910423844,0.139221738036661,0.000103732846933982
"299",298,0.0000000000000000000000000000419270162617429,0.139009281061084,0.000103638676327359
"300",299,0.0000000000000000000000000000333137818763417,0.138796102054689,0.000103543170542282
"301",300,0.0000000000000000000000000000264699986274788,0.138582216285153,0.000103446348478264
"302",301,0.0000000000000000000000000000210321611019314,0.138367638832298,0.000103348228850203
"303",302,0.0000000000000000000000000000167114402551936,0.138152384590233,0.000103248830189563
"304",303,0.0000000000000000000000000000132783423467467,0.137936468269479,0.000103148170845551
"305",304,0.0000000000000000000000000000105505194516367,0.137719904399059,0.000103046268986314
"306",305,0.00000000000000000000000000000838308410736672,0.13750270732857,0.000102943142600131
"307",306,0.00000000000000000000000000000666091366148709,0.137284891230233,0.000102838809496618
"308",307,0.00000000000000000000000000000529253556776902,0.137066470100918,0.00010273328730794
"309",308,0.00000000000000000000000000000420526885043791,0.136847457764147,0.000102626593490019
"310",309,0.00000000000000000000000000000334136367682591,0.136627867872073,0.00010251874532376
"311",310,0.00000000000000000000000000000265493399301791,0.136407713907441,0.000102409759916268
"312",311,0.00000000000000000000000000000210952030039971,0.13618700918552,0.000102299654202078
"313",312,0.00000000000000000000000000000167615312075668,0.13596576685602,0.000102188444944386
"314",313,0.0000000000000000000000000000013318142914723,0.135743999904985,0.000102076148736279
"315",314,0.00000000000000000000000000000105821436299861,0.135521721156666,0.000101962782001973
"316",315,0.00000000000000000000000000000084082116044724,0.135298943275368,0.00010184836099805
"317",316,0.000000000000000000000000000000668087911651879,0.135075678767282,0.000101732901814697
"318",317,0.000000000000000000000000000000530839943964062,0.134851939982296,0.000101616420376945
"319",318,0.000000000000000000000000000000421787374375786,0.134627739115781,0.000101498932445915
"320",319,0.000000000000000000000000000000335137909657358,0.134403088210364,0.000101380453620056
"321",320,0.000000000000000000000000000000266289190509044,0.134177999157673,0.000101260999336388
"322",321,0.000000000000000000000000000000211584338681581,0.133952483700069,0.000101140584871746
"323",322,0.00000000000000000000000000000016811772302795,0.133726553432355,0.00010101922534402
"324",323,0.000000000000000000000000000000133580627811187,0.133500219803468,0.0001008969357134
"325",324,0.000000000000000000000000000000106138625988054,0.133273494118151,0.00010077373078361
"326",325,0.0000000000000000000000000000000843341441885943,0.133046387538605,0.000100649625203154
"327",326,0.0000000000000000000000000000000670090441610173,0.132818911086125,0.000100524633466546
"328",327,0.0000000000000000000000000000000532431086195911,0.132591075642712,0.000100398769915555
"329",328,0.0000000000000000000000000000000423051641904611,0.13236289195268,0.00010027204874043
"330",329,0.0000000000000000000000000000000336142453658908,0.132134370624225,0.000100144483981134
"331",330,0.000000000000000000000000000000026708736702479,0.131905522130997,0.000100016089528576
"332",331,0.0000000000000000000000000000000212218542608201,0.131676356813639,0.0000998868791258335
"333",332,0.0000000000000000000000000000000168621639909222,0.131446884881314,0.0000997568663693756
"334",333,0.000000000000000000000000000000013398102303515,0.131217116413222,0.0000996260647102845
"335",334,0.000000000000000000000000000000010645676642219,0.130987061360084,0.0000994944874554707
"336",335,0.00000000000000000000000000000000845869277628587,0.130756729545625,0.0000993621477688861
"337",336,0.00000000000000000000000000000000672098973961373,0.130526130668031,0.0000992290586727328
"338",337,0.00000000000000000000000000000000534026997725176,0.130295274301395,0.0000990952330486681
"339",338,0.00000000000000000000000000000000424319698955137,0.130064169897141,0.0000989606836390057
"340",339,0.00000000000000000000000000000000337150008685563,0.129832826785436,0.0000988254230479115
"341",340,0.0000000000000000000000000000000026788793599869,0.129601254176587,0.0000986894637425963
"342",341,0.00000000000000000000000000000000212854647500751,0.129369461162419,0.0000985528180545026
"343",342,0.0000000000000000000000000000000016912706723341,0.12913745671764,0.0000984154981804876
"344",343,0.00000000000000000000000000000000134382618405704,0.128905249701188,0.0000982775161840008
"345",344,0.00000000000000000000000000000000106775860452012,0.128672848857565,0.0000981388839962564
"346",345,0.000000000000000000000000000000000848404690318436,0.12844026281816,0.0000979996134174007
"347",346,0.000000000000000000000000000000000674113526697208,0.128207500102543,0.0000978597161176746
"348",347,0.000000000000000000000000000000000535627692847385,0.127974569119765,0.0000977192036385696
"349",348,0.000000000000000000000000000000000425591556886044,0.127741478169624,0.0000975780873939795
"350",349,0.000000000000000000000000000000000338160583762587,0.127508235443929,0.0000974363786713455
"351",350,0.000000000000000000000000000000000268690904601928,0.127274849027744,0.0000972940886327958
"352",351,0.000000000000000000000000000000000213492659057188,0.127041326900625,0.0000971512283162798
"353",352,0.000000000000000000000000000000000169634009527919,0.126807676937829,0.0000970078086366954
"354",353,0.000000000000000000000000000000000134785417520184,0.126573906911526,0.0000968638403870116
"355",354,0.000000000000000000000000000000000107095910935832,0.126340024491986,0.0000967193342393834
"356",355,0.0000000000000000000000000000000000850947702666597,0.126106037248759,0.0000965743007462617
"357",356,0.0000000000000000000000000000000000676134117863217,0.125871952651836,0.0000964287503414964
"358",357,0.000000000000000000000000000000000053723318590095,0.125637778072799,0.0000962826933414336
"359",358,0.0000000000000000000000000000000000426867227090102,0.125403520785966,0.0000961361399460053
"360",359,0.0000000000000000000000000000000000339174187942266,0.125169187969507,0.0000959891002398142
"361",360,0.0000000000000000000000000000000000269496280027169,0.124934786706562,0.0000958415841932104
"362",361,0.0000000000000000000000000000000000214132582992566,0.12470032398634,0.0000956936016633628
"363",362,0.0000000000000000000000000000000000170142471333726,0.124465806705205,0.0000955451623953229
"364",363,0.0000000000000000000000000000000000135189423986691,0.124231241667752,0.0000953962760230824
"365",364,0.0000000000000000000000000000000000107416920740533,0.123996635587872,0.0000952469520706238
"366",365,0.00000000000000000000000000000000000853498337452338,0.123761995089799,0.0000950971999529646
"367",366,0.00000000000000000000000000000000000678160765559009,0.123527326709153,0.0000949470289771942
"368",367,0.00000000000000000000000000000000000538843491267213,0.123292636893965,0.0000947964483435042
"369",368,0.00000000000000000000000000000000000428146720994244,0.123057932005695,0.0000946454671462118
"370",369,0.00000000000000000000000000000000000340190830304045,0.122823218320234,0.0000944940943747762
"371",370,0.00000000000000000000000000000000000270304069488628,0.1225885020289,0.0000943423389148082
"372",371,0.00000000000000000000000000000000000214774425039063,0.122353789239417,0.0000941902095490724
"373",372,0.00000000000000000000000000000000000170652457205425,0.122119085976888,0.000094037714958483
"374",373,0.00000000000000000000000000000000000135594641424148,0.121884398184753,0.0000938848637230923
"375",374,0.00000000000000000000000000000000000107738892741585,0.121649731725741,0.0000937316643230719
"376",375,0.000000000000000000000000000000000000856056617523202,0.121415092382806,0.0000935781251396873
"377",376,0.000000000000000000000000000000000000680193487938465,0.121180485860052,0.0000934242544562653
"378",377,0.000000000000000000000000000000000000540458623370616,0.120945917783657,0.0000932700604591541
"379",378,0.000000000000000000000000000000000000429430050059645,0.120711393702775,0.0000931155512386765
"380",379,0.000000000000000000000000000000000000341210519954589,0.120476919090433,0.0000929607347900761
"381",380,0.000000000000000000000000000000000000271114280222148,0.120242499344419,0.0000928056190144563
"382",381,0.000000000000000000000000000000000000215418190946034,0.120008139788159,0.0000926502117197124
"383",382,0.000000000000000000000000000000000000171163971711259,0.119773845671581,0.0000924945206214557
"384",383,0.000000000000000000000000000000000000136001073462324,0.119539622171973,0.0000923385533439323
"385",384,0.000000000000000000000000000000000000108061829823079,0.119305474394831,0.000092182317420933
"386",385,0.00000000000000000000000000000000000008586225657952,0.119071407374695,0.0000920258202966969
"387",386,0.0000000000000000000000000000000000000682232303209877,0.118837426075981,0.0000918690693268084
"388",387,0.0000000000000000000000000000000000000542078596678847,0.118603535393792,0.0000917120717790861
"389",388,0.0000000000000000000000000000000000000430717225781833,0.118369740154737,0.0000915548348344653
"390",389,0.0000000000000000000000000000000000000342233266027855,0.118136045117721,0.0000913973655878737
"391",390,0.0000000000000000000000000000000000000271926919485264,0.117902454974748,0.0000912396710490991
"392",391,0.0000000000000000000000000000000000000216063886480067,0.117668974351692,0.0000910817581436509
"393",392,0.0000000000000000000000000000000000000171677019433162,0.117435607809077,0.0000909236337136147
"394",393,0.000000000000000000000000000000000000013640872374187,0.117202359842842,0.0000907653045184991
"395",394,0.0000000000000000000000000000000000000108385734877754,0.116969234885092,0.0000906067772360762
"396",395,0.00000000000000000000000000000000000000861196205253036,0.116736237304852,0.0000904480584632151
"397",396,0.00000000000000000000000000000000000000684277229636106,0.116503371408801,0.0000902891547167081
"398",397,0.00000000000000000000000000000000000000543703425702959,0.116270641442005,0.0000901300724340903
"399",398,0.00000000000000000000000000000000000000432008259690795,0.11603805158864,0.0000899708179744524
"400",399,0.00000000000000000000000000000000000000343259077685178,0.115805605972702,0.0000898113976192462
"401",400,0.00000000000000000000000000000000000000272741994557262,0.115573308658721,0.000089651817573084
"402",401,0.00000000000000000000000000000000000000216711517425037,0.115341163652452,0.00008949208396453
"403",402,0.00000000000000000000000000000000000000172191604966804,0.115109174901567,0.0000893322028468864
"404",403,0.00000000000000000000000000000000000000136817595914347,0.11487734629634,0.0000891721801989714
"405",404,0.00000000000000000000000000000000000000108710610807016,0.11464568167032,0.0000890120219258916
"406",405,0.00000000000000000000000000000000000000086377755895031,0.114414184800998,0.0000888517338598064
"407",406,0.000000000000000000000000000000000000000686328285534758,0.114182859410465,0.0000886913217606875
"408",407,0.000000000000000000000000000000000000000545333124997496,0.113951709166068,0.0000885307913170697
"409",408,0.00000000000000000000000000000000000000043330316335108,0.113720737681052,0.0000883701481467967
"410",409,0.000000000000000000000000000000000000000344287964115356,0.113489948515197,0.0000882093977977597
"411",410,0.000000000000000000000000000000000000000273559512739249,0.113259345175449,0.0000880485457486294
"412",411,0.000000000000000000000000000000000000000217361089582154,0.113028931116544,0.0000878875974095815
"413",412,0.000000000000000000000000000000000000000172707732921629,0.112798709741622,0.000087726558123016
"414",413,0.000000000000000000000000000000000000000137227693642265,0.112568684402837,0.0000875654331642697
"415",414,0.000000000000000000000000000000000000000109036460520969,0.112338858401959,0.0000874042277423223
"416",415,0.000000000000000000000000000000000000000086636665000972,0.11210923499097,0.0000872429470004965
"417",416,0.0000000000000000000000000000000000000000688385489278344,0.111879817372651,0.0000870815960171515
"418",417,0.000000000000000000000000000000000000000054696770916063,0.111650608701165,0.0000869201798063699
"419",418,0.0000000000000000000000000000000000000000434601948361899,0.11142161208263,0.0000867587033186391
"420",419,0.0000000000000000000000000000000000000000345319934534727,0.111192830575693,0.0000865971714415253
"421",420,0.0000000000000000000000000000000000000000274379481354213,0.110964267192085,0.0000864355890003428
"422",421,0.0000000000000000000000000000000000000000218012608770016,0.110735924897183,0.0000862739607588156
"423",422,0.0000000000000000000000000000000000000000173225407920898,0.110507806610558,0.0000861122914197341
"424",423,0.0000000000000000000000000000000000000000137639020599108,0.110279915206513,0.0000859505856256049
"425",424,0.0000000000000000000000000000000000000000109363286938442,0.110052253514631,0.000085788847959295
"426",425,0.00000000000000000000000000000000000000000868963501623273,0.109824824320294,0.0000856270829446699
"427",426,0.00000000000000000000000000000000000000000690448859294444,0.109597630365218,0.0000854652950472254
"428",427,0.00000000000000000000000000000000000000000548607192834291,0.109370674347966,0.0000853034886747141
"429",428,0.0000000000000000000000000000000000000000043590462635723,0.109143958924463,0.0000851416681777655
"430",429,0.00000000000000000000000000000000000000000346354998187256,0.108917486708505,0.0000849798378505003
"431",430,0.00000000000000000000000000000000000000000275201907747095,0.108691260272257,0.0000848180019311391
"432",431,0.00000000000000000000000000000000000000000218666080824663,0.108465282146752,0.0000846561646026052
"433",432,0.0000000000000000000000000000000000000000017374463460173,0.10823955482238,0.0000844943299931214
"434",433,0.00000000000000000000000000000000000000000138051580469374,0.108014080749375,0.000084332502176802
"435",434,0.00000000000000000000000000000000000000000109691092987008,0.107788862338289,0.0000841706851742376
"436",435,0.000000000000000000000000000000000000000000871568137052492,0.10756390196047,0.0000840088829530762
"437",436,0.000000000000000000000000000000000000000000692518414065873,0.107339201948531,0.0000838470994285968
"438",437,0.000000000000000000000000000000000000000000550251590704295,0.10711476459681,0.0000836853384642789
"439",438,0.000000000000000000000000000000000000000000437211209005926,0.106890592161829,0.0000835236038723661
"440",439,0.000000000000000000000000000000000000000000347393164344616,0.106666686862747,0.0000833618994144234
"441",440,0.00000000000000000000000000000000000000000027602679928485,0.106443050881807,0.0000832002288018909
"442",441,0.000000000000000000000000000000000000000000219321511599627,0.106219686364779,0.00008303859569663
"443",442,0.000000000000000000000000000000000000000000174265417615142,0.105996595421397,0.0000828770037114659
"444",443,0.000000000000000000000000000000000000000000138465376948603,0.105773780125791,0.0000827154564107241
"445",444,0.00000000000000000000000000000000000000000011001988160302,0.105551242516914,0.0000825539573107616
"446",445,0.0000000000000000000000000000000000000000000874180579628624,0.105328984598966,0.0000823925098804933
"447",446,0.0000000000000000000000000000000000000000000694594172130848,0.105107008341811,0.0000822311175419126
"448",447,0.0000000000000000000000000000000000000000000551900917500479,0.10488531568139,0.0000820697836706075
"449",448,0.0000000000000000000000000000000000000000000438521708011812,0.104663908520127,0.0000819085115962715
"450",449,0.0000000000000000000000000000000000000000000348434442306268,0.104442788727339,0.0000817473046032087
"451",450,0.0000000000000000000000000000000000000000000276854163356515,0.104221958139629,0.0000815861659308352
"452",451,0.0000000000000000000000000000000000000000000219978906965986,0.104001418561282,0.0000814250987741741
"453",452,0.0000000000000000000000000000000000000000000174787761626093,0.103781171764655,0.0000812641062843469
"454",453,0.0000000000000000000000000000000000000000000138880413743413,0.103561219490566,0.000081103191569059
"455",454,0.000000000000000000000000000000000000000000011034965573163,0.10334156344867,0.0000809423576930807
"456",455,0.0000000000000000000000000000000000000000000087680085275285,0.103122205317838,0.0000807816076787237
"457",456,0.00000000000000000000000000000000000000000000696676152083149,0.102903146746531,0.0000806209445063122
"458",457,0.00000000000000000000000000000000000000000000553555187996828,0.102684389353167,0.0000804603711146499
"459",458,0.00000000000000000000000000000000000000000000439836135113797,0.102465934726484,0.0000802998904014818
"460",459,0.00000000000000000000000000000000000000000000349478841399551,0.102247784425903,0.0000801395052239516
"461",460,0.00000000000000000000000000000000000000000000277684007373275,0.10202993998188,0.0000799792183990547
"462",461,0.00000000000000000000000000000000000000000000220638272812416,0.10181240289626,0.0000798190327040857
"463",462,0.00000000000000000000000000000000000000000000175311671313525,0.101595174642627,0.0000796589508770828
"464",463,0.00000000000000000000000000000000000000000000139296694571532,0.101378256666643,0.0000794989756172665
"465",464,0.00000000000000000000000000000000000000000000110680418326818,0.101161650386392,0.0000793391095854744
"466",465,0.000000000000000000000000000000000000000000000879428979896491,0.100945357192711,0.000079179355404591
"467",466,0.000000000000000000000000000000000000000000000698764372572293,0.100729378449531,0.0000790197156599745
"468",467,0.000000000000000000000000000000000000000000000555214417011616,0.100513715494195,0.0000788601928998774
"469",468,0.000000000000000000000000000000000000000000000441154502085975,0.10029836963779,0.0000787007896358639
"470",469,0.000000000000000000000000000000000000000000000350526370979759,0.100083342165466,0.0000785415083432233
"471",470,0.00000000000000000000000000000000000000000000027851633876853,0.0998686343367506,0.0000783823514613782
"472",471,0.000000000000000000000000000000000000000000000221299615045243,0.0996542473858673,0.0000782233213942891
"473",472,0.000000000000000000000000000000000000000000000175837151370404,0.0994401825220418,0.000078064420510855
"474",473,0.000000000000000000000000000000000000000000000139714223161831,0.0992264409298103,0.0000779056511453091
"475",474,0.000000000000000000000000000000000000000000000111012172351419,0.0990130237693222,0.0000777470155976116
"476",475,0.0000000000000000000000000000000000000000000000882064984601224,0.0987999321766394,0.0000775885161338372
"477",476,0.0000000000000000000000000000000000000000000000700858852303695,0.098587167264033,0.0000774301549865595
"478",477,0.0000000000000000000000000000000000000000000000556878619407528,0.0983747301202753,0.0000772719343552309
"479",478,0.0000000000000000000000000000000000000000000000442476820737732,0.0981626218109299,0.0000771138564065591
"480",479,0.000000000000000000000000000000000000000000000035157704043023,0.0979508433786377,0.0000769559232748788
"481",480,0.0000000000000000000000000000000000000000000000279351164997961,0.0977393958433992,0.0000767981370625206
"482",481,0.0000000000000000000000000000000000000000000000221962939588498,0.0975282802028548,0.0000766404998401754
"483",482,0.0000000000000000000000000000000000000000000000176364206503763,0.0973174974325608,0.0000764830136472549
"484",483,0.0000000000000000000000000000000000000000000000140133003254359,0.0971070484862624,0.0000763256804922489
"485",484,0.0000000000000000000000000000000000000000000000111344920777148,0.0968969342961648,0.0000761685023530785
"486",485,0.00000000000000000000000000000000000000000000000884708890479289,0.0966871557731988,0.0000760114811774455
"487",486,0.00000000000000000000000000000000000000000000000702959610038838,0.0964777138072861,0.0000758546188831786
"488",487,0.00000000000000000000000000000000000000000000000558547810091802,0.0962686092675994,0.0000756979173585752
"489",488,0.00000000000000000000000000000000000000000000000443803102913852,0.0960598430028205,0.0000755413784627408
"490",489,0.00000000000000000000000000000000000000000000000352630859162425,0.0958514158413956,0.0000753850040259235
"491",490,0.00000000000000000000000000000000000000000000000280188493539595,0.0956433285917871,0.0000752287958498458
"492",491,0.00000000000000000000000000000000000000000000000222628252383967,0.0954355820427228,0.0000750727557080328
"493",492,0.00000000000000000000000000000000000000000000000176892841434744,0.0952281769634424,0.000074916885346137
"494",493,0.00000000000000000000000000000000000000000000000140553038600374,0.0950211141039409,0.000074761186482259
"495",494,0.00000000000000000000000000000000000000000000000111678666584628,0.0948143941952091,0.000074605660807266
"496",495,0.000000000000000000000000000000000000000000000000887360721213702,0.094608017949472,0.0000744503099851058
"497",496,0.000000000000000000000000000000000000000000000000705066664595441,0.0944019860604237,0.0000742951356531181
"498",497,0.000000000000000000000000000000000000000000000000560222004016357,0.09419629920346,0.0000741401394223425
"499",498,0.000000000000000000000000000000000000000000000000445133360494622,0.0939909580359084,0.0000739853228778229
"500",499,0.000000000000000000000000000000000000000000000000353687836616017,0.0937859631972551,0.0000738306875789087
"501",500,0.000000000000000000000000000000000000000000000000281028331893875,0.0935813153093696,0.0000736762350595535
"502",501,0.000000000000000000000000000000000000000000000000223295559391248,0.093377014976727,0.0000735219668286095
"503",502,0.000000000000000000000000000000000000000000000000177423060898641,0.0931730627866274,0.0000733678843701196
"504",503,0.00000000000000000000000000000000000000000000000014097433296238,0.0929694593094125,0.0000732139891436062
"505",504,0.000000000000000000000000000000000000000000000000112013412763416,0.0927662050986807,0.0000730602825843566
"506",505,0.0000000000000000000000000000000000000000000000000890020500558465,0.0925633006914985,0.0000729067661037058
"507",506,0.0000000000000000000000000000000000000000000000000707180034847627,0.0923607466086105,0.000072753441089316
"508",507,0.000000000000000000000000000000000000000000000000056190121617793,0.0921585433546462,0.0000726003089054533
"509",508,0.0000000000000000000000000000000000000000000000000446467605395939,0.0919566914183252,0.000072447370893261
"510",509,0.0000000000000000000000000000000000000000000000000354747982258973,0.0917551912726593,0.0000722946283710306
"511",510,0.0000000000000000000000000000000000000000000000000281870687583726,0.0915540433751525,0.0000721420826344695
"512",511,0.00000000000000000000000000000000000000000000000002239648665878,0.0913532481679994,0.0000719897349569659
"513",512,0.0000000000000000000000000000000000000000000000000177954869644937,0.0911528060782798,0.0000718375865898507
"514",513,0.0000000000000000000000000000000000000000000000000141396890114156,0.0909527175181529,0.0000716856387626571
"515",514,0.0000000000000000000000000000000000000000000000000112349162312027,0.0907529828850475,0.0000715338926833767
"516",515,0.0000000000000000000000000000000000000000000000000089268825233877,0.0905536025618515,0.0000713823495387133
"517",516,0.00000000000000000000000000000000000000000000000000709299739726085,0.0903545769170982,0.000071231010494334
"518",517,0.00000000000000000000000000000000000000000000000000563585461618202,0.0901559063051509,0.0000710798766951171
"519",518,0.00000000000000000000000000000000000000000000000000447805849569412,0.0899575910663854,0.0000709289492653982
"520",519,0.00000000000000000000000000000000000000000000000000355811305587635,0.08975963152737,0.0000707782293092125
"521",520,0.00000000000000000000000000000000000000000000000000282715568154618,0.0895620280010441,0.0000706277179105354
"522",521,0.00000000000000000000000000000000000000000000000000224636179968998,0.0893647807868938,0.0000704774161335202
"523",522,0.00000000000000000000000000000000000000000000000000178488272437359,0.0891678901711267,0.0000703273250227332
"524",523,0.00000000000000000000000000000000000000000000000000141820713840797,0.0889713564268435,0.000070177445603386
"525",524,0.00000000000000000000000000000000000000000000000000112685918237972,0.0887751798142083,0.0000700277788815659
"526",525,0.000000000000000000000000000000000000000000000000000895364000451258,0.0885793605806168,0.000069878325844463
"527",526,0.000000000000000000000000000000000000000000000000000711425798218272,0.0883838989608623,0.0000697290874605957
"528",527,0.000000000000000000000000000000000000000000000000000565274755423962,0.0881887951773002,0.0000695800646800331
"529",528,0.000000000000000000000000000000000000000000000000000449148105002489,0.0879940494400105,0.0000694312584346151
"530",529,0.000000000000000000000000000000000000000000000000000356877816126822,0.087799661946958,0.0000692826696381701
"531",530,0.000000000000000000000000000000000000000000000000000283562981174649,0.0876056328841511,0.0000691342991867309
"532",531,0.000000000000000000000000000000000000000000000000000225309505548196,0.087411962425799,0.0000689861479587471
"533",532,0.000000000000000000000000000000000000000000000000000179023274053908,0.0872186507344659,0.0000688382168152965
"534",533,0.000000000000000000000000000000000000000000000000000142245807938738,0.087025697961225,0.0000686905066002928
"535",534,0.000000000000000000000000000000000000000000000000000113023683557768,0.0868331042458096,0.0000685430181406925
"536",535,0.0000000000000000000000000000000000000000000000000000898047768864162,0.0866408697167629,0.0000683957522466981
"537",536,0.0000000000000000000000000000000000000000000000000000713558229368531,0.0864489944915858,0.0000682487097119605
"538",537,0.0000000000000000000000000000000000000000000000000000566969112727197,0.0862574786768834,0.0000681018913137776
"539",538,0.0000000000000000000000000000000000000000000000000000450494383718535,0.0860663223685092,0.0000679552978132924
"540",539,0.0000000000000000000000000000000000000000000000000000357947523429891,0.0858755256517084,0.0000678089299556873
"541",540,0.0000000000000000000000000000000000000000000000000000284412934234591,0.085685088601259,0.0000676627884703779
"542",541,0.0000000000000000000000000000000000000000000000000000225984849356761,0.0854950112816109,0.0000675168740712031
"543",542,0.0000000000000000000000000000000000000000000000000000179559879286907,0.0853052937470248,0.0000673711874566143
"544",543,0.0000000000000000000000000000000000000000000000000000142672176215798,0.0851159360417078,0.0000672257293098619
"545",544,0.0000000000000000000000000000000000000000000000000000113362461296977,0.0849269381999482,0.0000670805002991798
"546",545,0.00000000000000000000000000000000000000000000000000000900739581617568,0.0847383002462494,0.0000669355010779683
"547",546,0.00000000000000000000000000000000000000000000000000000715697052278299,0.0845500221954608,0.0000667907322849743
"548",547,0.0000000000000000000000000000000000000000000000000000056866854870526,0.0843621040529083,0.0000666461945444699
"549",548,0.00000000000000000000000000000000000000000000000000000451844697776957,0.084174545814523,0.0000665018884664296
"550",549,0.00000000000000000000000000000000000000000000000000000359020437078836,0.0839873474669681,0.0000663578146467039
"551",550,0.00000000000000000000000000000000000000000000000000000285265434947971,0.0838005089877649,0.0000662139736671931
"552",551,0.00000000000000000000000000000000000000000000000000000226662217444145,0.0836140303454165,0.0000660703660960172
"553",552,0.00000000000000000000000000000000000000000000000000000180098092943042,0.083427911499531,0.0000659269924876855
"554",553,0.00000000000000000000000000000000000000000000000000000143099822491207,0.0832421524009425,0.0000657838533832633
"555",554,0.00000000000000000000000000000000000000000000000000000113702254490231,0.0830567529918314,0.0000656409493105371
"556",555,0.000000000000000000000000000000000000000000000000000000903439462823624,0.0828717132058425,0.0000654982807841781
"557",556,0.000000000000000000000000000000000000000000000000000000717842286106267,0.0826870329682022,0.0000653558483059037
"558",557,0.000000000000000000000000000000000000000000000000000000570373078580995,0.0825027121958346,0.0000652136523646373
"559",558,0.00000000000000000000000000000000000000000000000000000045319905927331,0.0823187507974755,0.0000650716934366661
"560",559,0.000000000000000000000000000000000000000000000000000000360096566684374,0.0821351486737859,0.0000649299719857976
"561",560,0.000000000000000000000000000000000000000000000000000000286120490951139,0.0819519057174631,0.0000647884884635139
"562",561,0.000000000000000000000000000000000000000000000000000000227341615877932,0.081769021813352,0.0000646472433091247
"563",562,0.00000000000000000000000000000000000000000000000000000018063791984341,0.0815864968385537,0.0000645062369499179
"564",563,0.000000000000000000000000000000000000000000000000000000143528750595643,0.0814043306625335,0.0000643654698013098
"565",564,0.000000000000000000000000000000000000000000000000000000114043066181256,0.0812225231472277,0.0000642249422669919
"566",565,0.0000000000000000000000000000000000000000000000000000000906147436666748,0.0810410741471487,0.0000640846547390776
"567",566,0.0000000000000000000000000000000000000000000000000000000719993950068552,0.0808599835094894,0.0000639446075982465
"568",567,0.0000000000000000000000000000000000000000000000000000000572082717622877,0.0806792510742263,0.0000638048012138873
"569",568,0.0000000000000000000000000000000000000000000000000000000454557480339404,0.0804988766742205,0.0000636652359442386
"570",569,0.000000000000000000000000000000000000000000000000000000036117592188603,0.0803188601353191,0.0000635259121365294
"571",570,0.0000000000000000000000000000000000000000000000000000000286978109903333,0.0801392012764541,0.0000633868301271164
"572",571,0.000000000000000000000000000000000000000000000000000000022802305074389,0.0799598999097408,0.0000632479902416209
"573",572,0.0000000000000000000000000000000000000000000000000000000181179364823557,0.0797809558405744,0.000063109392795064
"574",573,0.0000000000000000000000000000000000000000000000000000000143958964371268,0.0796023688677266,0.0000629710380919998
"575",574,0.0000000000000000000000000000000000000000000000000000000114384899422903,0.07942413878344,0.0000628329264266474
"576",575,0.00000000000000000000000000000000000000000000000000000000908863527403849,0.0792462653735217,0.000062695058083022
"577",576,0.0000000000000000000000000000000000000000000000000000000072215206343887,0.0790687484174359,0.0000625574333350631
"578",577,0.00000000000000000000000000000000000000000000000000000000573797481145143,0.0788915876883958,0.0000624200524467628
"579",578,0.00000000000000000000000000000000000000000000000000000000455919973143414,0.0787147829534535,0.0000622829156722919
"580",579,0.00000000000000000000000000000000000000000000000000000000362258512352221,0.0785383339735894,0.0000621460232561242
"581",580,0.00000000000000000000000000000000000000000000000000000000287838299486749,0.0783622405038008,0.0000620093754331607
"582",581,0.00000000000000000000000000000000000000000000000000000000228706528146033,0.0781865022931892,0.0000618729724288506
"583",582,0.00000000000000000000000000000000000000000000000000000000181722432733522,0.0780111190850459,0.0000617368144593128
"584",583,0.00000000000000000000000000000000000000000000000000000000144390467671757,0.0778360906169379,0.0000616009017314545
"585",584,0.00000000000000000000000000000000000000000000000000000000114727757277172,0.077661416620792,0.0000614652344430897
"586",585,0.000000000000000000000000000000000000000000000000000000000911587759364546,0.0774870968229776,0.000061329812783055
"587",586,0.000000000000000000000000000000000000000000000000000000000724316645548709,0.0773131309443895,0.0000611946369313258
"588",587,0.000000000000000000000000000000000000000000000000000000000575517384507937,0.0771395187005287,0.0000610597070591294
"589",588,0.000000000000000000000000000000000000000000000000000000000457286549889986,0.076966259801583,0.0000609250233290583
"590",589,0.000000000000000000000000000000000000000000000000000000000363344347780345,0.0767933539525063,0.0000607905858951813
"591",590,0.000000000000000000000000000000000000000000000000000000000288701067406608,0.0766208008530971,0.0000606563949031535
"592",591,0.000000000000000000000000000000000000000000000000000000000229392054206667,0.0764486001980757,0.0000605224504903258
"593",592,0.000000000000000000000000000000000000000000000000000000000182267128437884,0.0762767516771613,0.0000603887527858517
"594",593,0.000000000000000000000000000000000000000000000000000000000144823264362339,0.076105254975147,0.0000602553019107947
"595",594,0.000000000000000000000000000000000000000000000000000000000115071642815242,0.0759341097719754,0.0000601220979782325
"596",595,0.0000000000000000000000000000000000000000000000000000000000914320156951381,0.0757633157428116,0.0000599891410933622
"597",596,0.00000000000000000000000000000000000000000000000000000000007264877157875,0.0755928725581171,0.0000598564313536021
"598",597,0.0000000000000000000000000000000000000000000000000000000000577242443117442,0.0754227798837213,0.0000597239688486941
"599",598,0.0000000000000000000000000000000000000000000000000000000000458657222820349,0.0752530373808931,0.000059591753660804
"600",599,0.0000000000000000000000000000000000000000000000000000000000364433437896866,0.0750836447064113,0.0000594597858646208
"601",600,0.000000000000000000000000000000000000000000000000000000000028956642139123,0.0749146015126343,0.0000593280655274553
"602",601,0.0000000000000000000000000000000000000000000000000000000000230079635066452,0.0747459074475688,0.0000591965927093368
"603",602,0.0000000000000000000000000000000000000000000000000000000000182813456815802,0.0745775621549376,0.0000590653674631095
"604",603,0.0000000000000000000000000000000000000000000000000000000000145257358319828,0.0744095652742472,0.0000589343898345276
"605",604,0.0000000000000000000000000000000000000000000000000000000000115416559117497,0.0742419164408539,0.0000588036598623486
"606",605,0.00000000000000000000000000000000000000000000000000000000000917060744640043,0.0740746152860293,0.0000586731775784267
"607",606,0.00000000000000000000000000000000000000000000000000000000000728665293602791,0.0739076614370252,0.0000585429430078042
"608",607,0.0000000000000000000000000000000000000000000000000000000000057897267242602,0.0737410545171379,0.0000584129561688022
"609",608,0.00000000000000000000000000000000000000000000000000000000000460032004212425,0.073574794145771,0.0000582832170731106
"610",609,0.00000000000000000000000000000000000000000000000000000000000365525792457402,0.073408879938498,0.0000581537257258764
"611",610,0.00000000000000000000000000000000000000000000000000000000000290434369192097,0.0732433115071244,0.0000580244821257915
"612",611,0.00000000000000000000000000000000000000000000000000000000000230769276884453,0.0730780884597485,0.0000578954862651791
"613",612,0.00000000000000000000000000000000000000000000000000000000000183361422761058,0.0729132104008215,0.0000577667381300799
"614",613,0.00000000000000000000000000000000000000000000000000000000000145692753432659,0.0727486769312074,0.0000576382377003361
"615",614,0.00000000000000000000000000000000000000000000000000000000000115762509273556,0.0725844876482419,0.0000575099849496754
"616",615,0.000000000000000000000000000000000000000000000000000000000000919809546979581,0.0724206421457901,0.0000573819798457938
"617",616,0.000000000000000000000000000000000000000000000000000000000000730849398500424,0.0722571400143045,0.0000572542223504373
"618",617,0.000000000000000000000000000000000000000000000000000000000000580708087932348,0.0720939808408815,0.0000571267124194827
"619",618,0.000000000000000000000000000000000000000000000000000000000000461410906380938,0.0719311642093175,0.0000569994500030176
"620",619,0.000000000000000000000000000000000000000000000000000000000000366621421246816,0.0717686897001644,0.0000568724350454193
"621",620,0.000000000000000000000000000000000000000000000000000000000000291304918583927,0.0716065568907842,0.0000567456674854332
"622",621,0.000000000000000000000000000000000000000000000000000000000000231460985838196,0.0714447653554034,0.0000566191472562495
"623",622,0.000000000000000000000000000000000000000000000000000000000000183911031182106,0.0712833146651661,0.0000564928742855799
"624",623,0.000000000000000000000000000000000000000000000000000000000000146129453600919,0.0711222043881871,0.0000563668484957329
"625",624,0.000000000000000000000000000000000000000000000000000000000000116109496382296,0.0709614340896038,0.0000562410698036883
"626",625,0.0000000000000000000000000000000000000000000000000000000000000922566588592631,0.070801003331628,0.0000561155381211713
"627",626,0.0000000000000000000000000000000000000000000000000000000000000733040050044709,0.0706409116735968,0.0000559902533547246
"628",627,0.0000000000000000000000000000000000000000000000000000000000000582448705181562,0.0704811586720225,0.0000558652154057812
"629",628,0.0000000000000000000000000000000000000000000000000000000000000462793941677521,0.0703217438806429,0.0000557404241707351
"630",629,0.0000000000000000000000000000000000000000000000000000000000000367720334079295,0.07016266685047,0.0000556158795410119
"631",630,0.0000000000000000000000000000000000000000000000000000000000000292178077364742,0.0700039271298385,0.0000554915814031382
"632",631,0.0000000000000000000000000000000000000000000000000000000000000232154768123724,0.0698455242644541,0.0000553675296388106
"633",632,0.0000000000000000000000000000000000000000000000000000000000000184462287002111,0.0696874577974405,0.0000552437241249632
"634",633,0.000000000000000000000000000000000000000000000000000000000000014656746273639,0.069529727269386,0.0000551201647338353
"635",634,0.0000000000000000000000000000000000000000000000000000000000000116457523551886,0.0693723322183903,0.0000549968513330376
"636",635,0.00000000000000000000000000000000000000000000000000000000000000925331894175632,0.0692152721801096,0.0000548737837856175
"637",636,0.00000000000000000000000000000000000000000000000000000000000000735237267858595,0.0690585466878019,0.0000547509619501245
"638",637,0.00000000000000000000000000000000000000000000000000000000000000584194539765391,0.0689021552723715,0.0000546283856806738
"639",638,0.00000000000000000000000000000000000000000000000000000000000000464181122490835,0.068746097462413,0.0000545060548270104
"640",639,0.00000000000000000000000000000000000000000000000000000000000000368822540798448,0.0685903727842549,0.0000543839692345707
"641",640,0.00000000000000000000000000000000000000000000000000000000000000293053853355936,0.0684349807620023,0.0000542621287445453
"642",641,0.00000000000000000000000000000000000000000000000000000000000000232850629955651,0.0682799209175794,0.0000541405331939399
"643",642,0.00000000000000000000000000000000000000000000000000000000000000185015195158993,0.0681251927707716,0.0000540191824156355
"644",643,0.00000000000000000000000000000000000000000000000000000000000000147006784762575,0.0679707958392664,0.0000538980762384488
"645",644,0.00000000000000000000000000000000000000000000000000000000000000116806593899807,0.0678167296386948,0.0000537772144871904
"646",645,0.000000000000000000000000000000000000000000000000000000000000000928105488499046,0.0676629936826715,0.0000536565969827242
"647",646,0.00000000000000000000000000000000000000000000000000000000000000073744107162385,0.0675095874828346,0.0000535362235420242
"648",647,0.000000000000000000000000000000000000000000000000000000000000000585945607322298,0.0673565105488851,0.0000534160939782322
"649",648,0.000000000000000000000000000000000000000000000000000000000000000465572461246669,0.067203762388626,0.0000532962081007139
"650",649,0.000000000000000000000000000000000000000000000000000000000000000369928051277385,0.0670513425080005,0.0000531765657151144
"651",650,0.000000000000000000000000000000000000000000000000000000000000000293932254402348,0.0668992504111301,0.0000530571666234139
"652",651,0.000000000000000000000000000000000000000000000000000000000000000233548577567219,0.0667474856003521,0.0000529380106239814
"653",652,0.000000000000000000000000000000000000000000000000000000000000000185569760605476,0.0665960475762565,0.0000528190975116289
"654",653,0.000000000000000000000000000000000000000000000000000000000000000147447423614739,0.0664449358377227,0.0000527004270776645
"655",654,0.000000000000000000000000000000000000000000000000000000000000000117156710552888,0.0662941498819556,0.000052581999109945
"656",655,0.0000000000000000000000000000000000000000000000000000000000000000930887396407584,0.0661436892045214,0.0000524638133929277
"657",656,0.0000000000000000000000000000000000000000000000000000000000000000739651481081237,0.0659935532993827,0.0000523458697077216
"658",657,0.0000000000000000000000000000000000000000000000000000000000000000587701923537624,0.0658437416589333,0.0000522281678321384
"659",658,0.0000000000000000000000000000000000000000000000000000000000000000466967970408063,0.0656942537740326,0.0000521107075407425
"660",659,0.0000000000000000000000000000000000000000000000000000000000000000371036875418812,0.0655450891340398,0.0000519934886049004
"661",660,0.0000000000000000000000000000000000000000000000000000000000000000294813288372332,0.065396247226847,0.0000518765107928298
"662",661,0.0000000000000000000000000000000000000000000000000000000000000000234248617210356,0.0652477275389129,0.0000517597738696479
"663",662,0.0000000000000000000000000000000000000000000000000000000000000000186125988309127,0.0650995295552946,0.0000516432775974195
"664",663,0.0000000000000000000000000000000000000000000000000000000000000000147889383239944,0.0649516527596812,0.0000515270217352035
"665",664,0.0000000000000000000000000000000000000000000000000000000000000000117507876647329,0.0648040966344243,0.0000514110060391003
"666",665,0.00000000000000000000000000000000000000000000000000000000000000000933677642820428,0.0646568606605707,0.0000512952302622979
"667",666,0.00000000000000000000000000000000000000000000000000000000000000000741868516030691,0.0645099443178926,0.0000511796941551169
"668",667,0.00000000000000000000000000000000000000000000000000000000000000000589463504143721,0.064363347084919,0.0000510643974650563
"669",668,0.00000000000000000000000000000000000000000000000000000000000000000468367662475409,0.0642170684389657,0.0000509493399368372
"670",669,0.00000000000000000000000000000000000000000000000000000000000000000372149023155117,0.0640711078561653,0.0000508345213124478
"671",670,0.00000000000000000000000000000000000000000000000000000000000000000295696963157826,0.0639254648114969,0.000050719941331186
"672",671,0.00000000000000000000000000000000000000000000000000000000000000000234950755155727,0.0637801387788151,0.0000506055997297027
"673",672,0.00000000000000000000000000000000000000000000000000000000000000000186683883252405,0.0636351292308791,0.0000504914962420444
"674",673,0.0000000000000000000000000000000000000000000000000000000000000000014833266759708,0.063490435639381,0.0000503776305996949
"675",674,0.0000000000000000000000000000000000000000000000000000000000000000011786009532873,0.0633460574749743,0.0000502640025316168
"676",675,0.000000000000000000000000000000000000000000000000000000000000000000936476252731451,0.063201994207301,0.0000501506117642927
"677",676,0.000000000000000000000000000000000000000000000000000000000000000000744092196331493,0.0630582453050198,0.0000500374580217653
"678",677,0.000000000000000000000000000000000000000000000000000000000000000000591230364920102,0.0629148102358325,0.0000499245410256778
"679",678,0.00000000000000000000000000000000000000000000000000000000000000000046977154998657,0.0627716884665114,0.000049811860495313
"680",679,0.000000000000000000000000000000000000000000000000000000000000000000373264504448461,0.0626288794629251,0.0000496994161476327
"681",680,0.000000000000000000000000000000000000000000000000000000000000000000296583286674423,0.0624863826900649,0.0000495872076973161
"682",681,0.000000000000000000000000000000000000000000000000000000000000000000235654997692792,0.0623441976120707,0.0000494752348567979
"683",682,0.000000000000000000000000000000000000000000000000000000000000000000187243450432701,0.0622023236922559,0.0000493634973363063
"684",683,0.000000000000000000000000000000000000000000000000000000000000000000148777280656907,0.0620607603931331,0.0000492519948438997
"685",684,0.000000000000000000000000000000000000000000000000000000000000000000118213369752122,0.0619195071764384,0.0000491407270855038
"686",685,0.0000000000000000000000000000000000000000000000000000000000000000000939283251209442,0.0617785635031559,0.0000490296937649481
"687",686,0.0000000000000000000000000000000000000000000000000000000000000000000746322541902452,0.0616379288335424,0.0000489188945840014
"688",687,0.0000000000000000000000000000000000000000000000000000000000000000000593002521693573,0.0614976026271504,0.0000488083292424075
"689",688,0.0000000000000000000000000000000000000000000000000000000000000000000471179645516991,0.0613575843428525,0.0000486979974379202
"690",689,0.0000000000000000000000000000000000000000000000000000000000000000000374383329290863,0.0612178734388637,0.0000485878988663382
"691",690,0.0000000000000000000000000000000000000000000000000000000000000000000297472266861443,0.0610784693727653,0.0000484780332215388
"692",691,0.0000000000000000000000000000000000000000000000000000000000000000000236361351129866,0.0609393716015269,0.0000483684001955122
"693",692,0.0000000000000000000000000000000000000000000000000000000000000000000187804694862386,0.0608005795815289,0.0000482589994783944
"694",693,0.0000000000000000000000000000000000000000000000000000000000000000000149223226402082,0.0606620927685848,0.0000481498307585009
"695",694,0.000000000000000000000000000000000000000000000000000000000000000000011856770308199,0.0605239106179626,0.0000480408937223584
"696",695,0.00000000000000000000000000000000000000000000000000000000000000000000942098663398334,0.0603860325844066,0.0000479321880547381
"697",696,0.00000000000000000000000000000000000000000000000000000000000000000000748559572722081,0.0602484581221586,0.0000478237134386863
"698",697,0.00000000000000000000000000000000000000000000000000000000000000000000594779990338383,0.0601111866849787,0.0000477154695555571
"699",698,0.00000000000000000000000000000000000000000000000000000000000000000000472591961679808,0.0599742177261661,0.0000476074560850422
"700",699,0.00000000000000000000000000000000000000000000000000000000000000000000375505507704293,0.0598375506985794,0.0000474996727052027
"701",700,0.00000000000000000000000000000000000000000000000000000000000000000000298363911682003,0.0597011850546571,0.0000473921190924988
"702",701,0.0000000000000000000000000000000000000000000000000000000000000000000023706982179417,0.0595651202464369,0.0000472847949218198
"703",702,0.00000000000000000000000000000000000000000000000000000000000000000000188367621568857,0.0594293557255759,0.0000471776998665138
"704",703,0.00000000000000000000000000000000000000000000000000000000000000000000149670508827205,0.0592938909433696,0.000047070833598417
"705",704,0.00000000000000000000000000000000000000000000000000000000000000000000118923098492305,0.0591587253507711,0.0000469641957878823
"706",705,0.000000000000000000000000000000000000000000000000000000000000000000000944922514517425,0.0590238583984102,0.0000468577861038082
"707",706,0.000000000000000000000000000000000000000000000000000000000000000000000750803308828777,0.0588892895366117,0.0000467516042136667
"708",707,0.00000000000000000000000000000000000000000000000000000000000000000000059656278677636,0.0587550182154139,0.0000466456497835311
"709",708,0.000000000000000000000000000000000000000000000000000000000000000000000474008511125965,0.0586210438845871,0.0000465399224781038
"710",709,0.000000000000000000000000000000000000000000000000000000000000000000000376631049740761,0.0584873659936506,0.0000464344219607432
"711",710,0.000000000000000000000000000000000000000000000000000000000000000000000299258229123087,0.0583539839918914,0.0000463291478934905
"712",711,0.000000000000000000000000000000000000000000000000000000000000000000000237780416031891,0.0582208973283811,0.0000462240999370965
"713",712,0.000000000000000000000000000000000000000000000000000000000000000000000188932235594578,0.0580881054519929,0.0000461192777510476
"714",713,0.000000000000000000000000000000000000000000000000000000000000000000000150119131938846,0.0579556078114191,0.0000460146809935914
"715",714,0.000000000000000000000000000000000000000000000000000000000000000000000119279559166553,0.0578234038551874,0.0000459103093217629
"716",715,0.0000000000000000000000000000000000000000000000000000000000000000000000947754829861604,0.057691493031678,0.0000458061623914089
"717",716,0.0000000000000000000000000000000000000000000000000000000000000000000000753053770321,0.057559874789139,0.0000457022398572137
"718",717,0.0000000000000000000000000000000000000000000000000000000000000000000000598350926977058,0.0574285485757034,0.0000455985413727232
"719",718,0.0000000000000000000000000000000000000000000000000000000000000000000000475429306544327,0.0572975138394045,0.0000454950665903696
"720",719,0.0000000000000000000000000000000000000000000000000000000000000000000000377759965482407,0.0571667700281915,0.000045391815161495
"721",720,0.0000000000000000000000000000000000000000000000000000000000000000000000300155227195622,0.0570363165899455,0.0000452887867363753
"722",721,0.000000000000000000000000000000000000000000000000000000000000000000000023849314020824,0.0569061529724939,0.0000451859809642441
"723",722,0.0000000000000000000000000000000000000000000000000000000000000000000000189498541997128,0.0567762786236262,0.0000450833974933148
"724",723,0.0000000000000000000000000000000000000000000000000000000000000000000000150569099755585,0.0566466929911084,0.0000449810359708047
"725",724,0.0000000000000000000000000000000000000000000000000000000000000000000000119637088297761,0.056517395522698,0.0000448788960429564
"726",725,0.0000000000000000000000000000000000000000000000000000000000000000000000095059563480158,0.0563883856661579,0.0000447769773550609
"727",726,0.00000000000000000000000000000000000000000000000000000000000000000000000755310977357453,0.0562596628692713,0.0000446752795514794
"728",727,0.00000000000000000000000000000000000000000000000000000000000000000000000600144426957896,0.0561312265798551,0.000044573802275665
"729",728,0.00000000000000000000000000000000000000000000000000000000000000000000000476854360661791,0.0560030762457744,0.0000444725451701842
"730",729,0.00000000000000000000000000000000000000000000000000000000000000000000000378892265041592,0.0558752113149556,0.0000443715078767378
"731",730,0.00000000000000000000000000000000000000000000000000000000000000000000000301054913934546,0.0557476312354003,0.0000442706900361827
