"","V1","V2","V3","V4"
"1",0,5,0,5
"2",1,36.9972164095943,0.000427090094717898,136.120422241207
"3",2,29.6471513781283,0.000981705989109901,109.159119454715
"4",3,23.5575751224946,0.00165387331127907,86.7382811491171
"5",4,18.7173016577981,0.00243422943651154,68.9165724248646
"6",5,14.8715386775626,0.00331403144626374,54.7566149921798
"7",6,11.8159244744131,0.00428511303143764,43.5059601279323
"8",7,9.38814631268416,0.00533984669041355,34.5669765769875
"9",8,7.45919869801748,0.0064711062305782,27.4646699051464
"10",9,5.92658052616886,0.00767223394186189,21.821634038587
"11",10,4.70886509645203,0.00893701000504887,17.3380583813058
"12",11,3.74134934174632,0.0102596236623442,13.7757082512866
"13",12,2.97262785900969,0.0116346468915016,10.94531081253
"14",13,2.3618530292547,0.0130570096939191,8.69646642847294
"15",14,1.87657087287495,0.0145219771626054,6.90968076534407
"16",15,1.49099819982333,0.016025128255493,5.49002105699722
"17",16,1.18464709723479,0.01756233562492,4.36205163373254
"18",17,0.941242769516004,0.0191297474264191,3.4658493501651
"19",18,0.747849422890566,0.020723769213357,2.75378512234624
"20",19,0.59419079877858,0.0223410481933255,2.18802221742352
"21",20,0.472104213653259,0.023978458087622,1.73850596050977
"22",21,0.375102515464563,0.0256330844865628,1.38135104029387
"23",22,0.298031571411843,0.0273022117520115,1.09758008143028
"24",23,0.236796006186517,0.0289833103951189,0.872114156689431
"25",24,0.188142362206573,0.0306740254912645,0.692974194212148
"26",25,0.149485373638698,0.032372165600736,0.550641348233446
"27",26,0.118771180318061,0.0340756925238635,0.437553451740004
"28",27,0.0943677344596306,0.0357827116516281,0.347701361837078
"29",28,0.0749781088199777,0.0374914627944847,0.276309874911208
"30",29,0.0595725984496166,0.0392003120628266,0.21958767628403
"31",30,0.0473322333692472,0.0409077430511436,0.174519348901962
"32",31,0.0376074504264752,0.0426123521178726,0.13871325819806
"33",32,0.0298803183743414,0.044312835609619,0.110262386113957
"34",33,0.0237409546142057,0.0460079897246952,0.0876576174332643
"35",34,0.0188631971100424,0.0476967014742828,0.0696979995202676
"36",35,0.0149875695211563,0.0493779412997043,0.0554281652712532
"37",36,0.0119080771225373,0.0510507605647094,0.0440896659879021
"38",37,0.00946130951215742,0.0527142853182548,0.0350808407571174
"39",38,0.0075173074078862,0.0543677115646886,0.027923157040307
"40",39,0.00597283327899884,0.0560103008253034,0.0222365277935559
"41",40,0.00474570186432774,0.0576413746068778,0.0177183588866583
"42",41,0.00377053393371011,0.0592603120019608,0.0141278874294922
"43",42,0.00299595577831343,0.0608665474353156,0.0112760525434694
"44",43,0.00238028148095845,0.0624595648388981,0.00900919526771344
"45",44,0.00189134802695083,0.0640388940663367,0.00720907176834533
"46",45,0.00150268473744945,0.0656041074522491,0.00577811047496317
"47",46,0.0011940058670468,0.0671548224759545,0.00464167596520707
"48",47,0.000948724667838561,0.0686906902536613,0.00373868332148244
"49",48,0.000753780413483588,0.0702114004678817,0.00302102275293213
"50",49,0.00059895548139026,0.0717166763056258,0.00245110195102576
"51",50,0.000475971958820514,0.0732062717284581,0.00199842417370941
"52",51,0.000378272662500264,0.0746799691448569,0.00163885117013385
"53",52,0.000300614588157443,0.0761375776903599,0.00135307798692663
"54",53,0.000238788651102097,0.0775789306440653,0.00112560618088588
"55",54,0.000189614448861102,0.0790038884027336,0.000944725237671269
"56",55,0.00015058075139386,0.0804123337394671,0.000801188931393152
"57",56,0.000119615724266293,0.0818041684437378,0.000687368642925798
"58",57,0.0000950328063407606,0.0831793126680298,0.000597054091550186
"59",58,0.0000754991557615152,0.0845377045149368,0.000525337441607886
"60",59,0.0000599743712125151,0.0858792990070614,0.000468387680888167
"61",60,0.0000476397045718263,0.0872040667313454,0.000423189890148178
"62",61,0.0000378428057496547,0.0885119925734033,0.000387341796245384
"63",62,0.0000300618770069496,0.0898030746628437,0.000358921822381909
"64",63,0.0000238811718475688,0.0910773234554217,0.000336398877238264
"65",64,0.0000189709826946607,0.0923347608691179,0.000318558661262691
"66",65,0.000015070121418574,0.0935754194500943,0.000304439161768259
"67",66,0.0000119713098611366,0.0947993415794001,0.000293276865596333
"68",67,0.00000950975211932281,0.0960065787313998,0.000284464683282916
"69",68,0.0000075543927887832,0.0971971907838899,0.000277519761660558
"70",69,0.00000600109395171379,0.0983712453740607,0.000272058362237136
"71",70,0.0000047671640069377,0.0995288172950242,0.000267775717242226
"72",71,0.00000378694233882021,0.100669987929933,0.000264429772780954
"73",72,0.00000300827280688059,0.101794844721907,0.000261828204430013
"74",73,0.00000238971586670478,0.102903480677984,0.000259818152520747
"75",74,0.00000189834747399411,0.103995993905071,0.00025827811792423
"76",75,0.00000150801316833929,0.105072487175787,0.000257111533713347
"77",76,0.00000119793798584206,0.106133067522287,0.000256241646933798
"78",77,0.000000951619640053166,0.107177845856311,0.000255607443347541
"79",78,0.00000075594897320994,0.108206936613873,0.000255160408959239
"80",79,0.000000600511957946917,0.109220457423049,0.000254861959982642
"81",80,0.000000477035707187325,0.110218528793463,0.000254681403024073
"82",81,0.0000003789484188094,0.111201273826092,0.00025459431475872
"83",82,0.000000301029648808766,0.112168817942149,0.000254581254183099
"84",83,0.000000239132403031582,0.113121288629839,0.000254626739291666
"85",84,0.000000189962376369237,0.11405881520789,0.000254718434160945
"86",85,0.000000150902618179712,0.114981528604814,0.000254846503285475
"87",86,0.000000119874266042867,0.115889561152916,0.000255003098711032
"88",87,0.0000000952259124116353,0.116783046396125,0.000255181952588931
"89",88,0.0000000756457125362007,0.117662118910806,0.000255378053459451
"90",89,0.0000000600915618522962,0.118526914138715,0.000255587389063619
"91",90,0.0000000477356310540289,0.119377568231363,0.000255806742017277
"92",91,0.0000000379203071783754,0.120214217905064,0.000256033527479934
"93",92,0.0000000301231944757695,0.121037000305993,0.000256265664180126
"94",93,0.0000000239293115172024,0.12184605288464,0.000256501471936121
"95",94,0.0000000190090048051001,0.122641513279066,0.000256739590223963
"96",95,0.0000000151004036781114,0.1234235192064,0.00025697891346607
"97",96,0.0000000119954828679334,0.124192208362072,0.000257218539602978
"98",97,0.00000000952899090699672,0.124947718326286,0.000257457729217181
"99",98,0.00000000756965506933287,0.12569018647728,0.000257695873039397
"100",99,0.00000000601319472366296,0.126419749910947,0.000257932466113838
"101",100,0.00000000477677125893372,0.127136545366406,0.000258167087253528
"102",101,0.00000000379457932629589,0.127840709157163,0.000258399382698678
"103",102,0.0000000030145915251143,0.128532377112153,0.000258629054030945
"104",103,0.00000000239544483861058,0.129211684511583,0.000258855846593953
"105",104,0.00000000190371471703416,0.129878766023848,0.000259079539336197
"106",105,0.00000000151276996854344,0.130533755663213,0.000259299940500078
"107",106,0.00000000120189240680803,0.131176786753224,0.000259516884292286
"108",107,0.000000000954887826137851,0.131807991882627,0.000259730225665931
"109",108,0.000000000758748577140863,0.132427502860177,0.000259939835285769
"110",109,0.000000000602935774121278,0.133035450677555,0.000260145596782335
"111",110,0.00000000047907483981924,0.133631965479895,0.000260347405536455
"112",111,0.000000000380620671781488,0.13421717653855,0.000260545167353328
"113",112,0.000000000302410563835771,0.134791212223943,0.000260738796721255
"114",113,0.000000000240295587799522,0.135354199980189,0.000260928215359275
"115",114,0.000000000190944098872993,0.135906266303142,0.000261113351401279
"116",115,0.000000000151717377514829,0.136447536721404,0.000261294138848516
"117",116,0.000000000120542176106454,0.13697813577919,0.000261470517012206
"118",117,0.0000000000957759750220062,0.137498187020626,0.000261642429930255
"119",118,0.0000000000761031486457097,0.138007812975736,0.000261809825899111
"120",119,0.0000000000604715728194415,0.138507135148314,0.000261972657156354
"121",120,0.0000000000480481934928507,0.1389962740055,0.000262130879634899
"122",121,0.0000000000381758880493394,0.139475348968759,0.000262284452723521
"123",122,0.0000000000303328811847275,0.139944478406132,0.00026243333903826
"124",123,0.000000000024102164863751,0.140403779625731,0.000262577504232181
"125",124,0.0000000000191512405534257,0.140853368870468,0.000262716916844764
"126",125,0.0000000000152167484222261,0.141293361313902,0.000262851548170869
"127",126,0.0000000000120903839596769,0.141723871057094,0.000262981372135993
"128",127,0.0000000000096065714943775,0.142145011126408,0.000263106365179487
"129",128,0.00000000000763321539601346,0.142556893472181,0.000263226506150631
"130",129,0.0000000000060651771710954,0.142959628968239,0.000263341776216246
"131",130,0.00000000000481913140244024,0.143353327412174,0.000263452158774872
"132",131,0.00000000000382905234777258,0.143738097526327,0.000263557639374741
"133",132,0.00000000000304243647912403,0.144114046959431,0.000263658205635896
"134",133,0.00000000000241745236613449,0.144481282288861,0.00026375384717716
"135",134,0.00000000000192083890269899,0.144839909023449,0.000263844555547269
"136",135,0.00000000000152621954602698,0.145190031606825,0.000263930324158929
"137",136,0.00000000000121266948583956,0.145531753421241,0.000264011148225175
"138",137,0.000000000000963548227935684,0.145865176791835,0.000264087024698058
"139",138,0.000000000000765610361573586,0.146190402991311,0.000264157952209682
"140",139,0.000000000000608329828513378,0.146507532244997,0.00026422393101534
"141",140,0.000000000000483354832781598,0.146816663736253,0.000264284962938409
"142",141,0.000000000000384054975663016,0.14711789561219,0.000264341051316861
"143",142,0.000000000000305157892468916,0.147411324989692,0.000264392200951339
"144",143,0.000000000000242469686992849,0.147697047961704,0.000264438418054764
"145",144,0.00000000000019265834862939,0.147975159603758,0.000264479710203375
"146",145,0.000000000000153078990738546,0.148245753980729,0.000264516086289102
"147",146,0.000000000000121630953608194,0.148508924153789,0.000264547556473214
"148",147,0.0000000000000966440767370503,0.148764762187549,0.000264574132141203
"149",148,0.0000000000000767904189858586,0.149013359157359,0.000264595825858885
"150",149,0.000000000000061015048238983,0.149254805156766,0.000264612651329652
"151",150,0.0000000000000484803082997403,0.149489189305094,0.000264624623352854
"152",151,0.0000000000000385207394125976,0.149716599755154,0.000264631757783266
"153",152,0.0000000000000306073373909537,0.149937123701052,0.000264634071491617
"154",153,0.0000000000000243196118260042,0.150150847386086,0.000264631582326154
"155",154,0.0000000000000193235256593081,0.150357856110736,0.000264624309075225
"156",155,0.0000000000000153537789909393,0.150558234240708,0.000264612271430831
"157",156,0.0000000000000121995817859349,0.15075206521505,0.000264595489953148
"158",157,0.00000000000000969338947017099,0.150939431554305,0.000264573986035982
"159",158,0.00000000000000770204921036484,0.151120414868719,0.000264547781873145
"160",159,0.00000000000000611978224692383,0.151295095866466,0.00026451690042572
"161",160,0.00000000000000486256312299667,0.151463554361905,0.000264481365390207
"162",161,0.00000000000000386362649909409,0.151625869283857,0.000264441201167513
"163",162,0.00000000000000306991011325417,0.151782118683886,0.000264396432832793
"164",163,0.00000000000000243924821520121,0.151932379744584,0.000264347086106091
"165",164,0.00000000000000193814246114897,0.152076728787862,0.000264293187323788
"166",165,0.00000000000000153998054694377,0.152215241283221,0.000264234763410828
"167",166,0.00000000000000122361623523699,0.152347991856025,0.000264171841853703
"168",167,0.000000000000000972244721065601,0.152475054295745,0.000264104450674188
"169",168,0.00000000000000077251292528905,0.152596501564192,0.000264032618403791
"170",169,0.000000000000000613812180553388,0.152712405803713,0.000263956374058933
"171",170,0.00000000000000048771399013902,0.15282283834537,0.000263875747116802
"172",171,0.000000000000000387521012443091,0.152927869717081,0.000263790767491899
"173",172,0.000000000000000307911207281252,0.153027569651724,0.000263701465513238
"174",173,0.000000000000000244655822554501,0.153122007095209,0.0002636078719022
"175",174,0.000000000000000194395119209572,0.153211250214499,0.000263510017751011
"176",175,0.000000000000000154459697620743,0.153295366405598,0.000263407934501843
"177",176,0.00000000000000012272844587186,0.153374422301488,0.000263301653926516
"178",177,0.0000000000000000975158893437446,0.153448483780021,0.000263191208106782
"179",178,0.0000000000000000774828149578857,0.153517615971754,0.000263076629415194
"180",179,0.0000000000000000615651920926645,0.153581883267745,0.000262957950496525
"181",180,0.0000000000000000489175990732254,0.153641349327286,0.00026283520424974
"182",181,0.000000000000000038868267476304,0.153696077085586,0.000262708423810497
"183",182,0.000000000000000030883411735675,0.153746128761398,0.000262577642534177
"184",183,0.0000000000000000245389089191072,0.153791565864588,0.000262442893979408
"185",184,0.0000000000000000194977786797783,0.153832449203652,0.000262304211892102
"186",185,0.0000000000000000154922705801867,0.153868838893162,0.000262161630189959
"187",186,0.0000000000000000123096331796018,0.153900794361169,0.000262015182947459
"188",187,0.00000000000000000978081755752863,0.153928374356531,0.000261864904381297
"189",188,0.00000000000000000777150487706432,0.153951636956191,0.000261710828836283
"190",189,0.0000000000000000061749726951218,0.153970639572384,0.000261552990771667
"191",190,0.00000000000000000490642317914515,0.153985438959796,0.0002613914247479
"192",191,0.00000000000000000389847746658128,0.153996091222643,0.000261226165413804
"193",192,0.00000000000000000309759794539595,0.154002651821702,0.000261057247494155
"194",193,0.00000000000000000246124592748053,0.154005175581276,0.000260884705777654
"195",194,0.00000000000000000195562216079051,0.154003716696089,0.000260708575105288
"196",195,0.00000000000000000155387087021441,0.153998328738127,0.000260528890359068
"197",196,0.00000000000000000123465306377687,0.153989064663411,0.000260345686451129
"198",197,0.000000000000000000981013401926724,0.153975976818709,0.000260158998313189
"199",198,0.000000000000000000779479871076389,0.153959116948181,0.000259968860886362
"200",199,0.000000000000000000619348170846671,0.153938536199966,0.000259775309111295
"201",200,0.00000000000000000049211300381788,0.153914285132701,0.000259578377918653
"202",201,0.000000000000000000391016284664847,0.153886413721984,0.000259378102219911
"203",202,0.000000000000000000310688255409922,0.153854971366762,0.000259174516898472
"204",203,0.000000000000000000246862318478214,0.153820006895674,0.000258967656801079
"205",204,0.000000000000000000196148399318805,0.153781568573311,0.000258757556729531
"206",205,0.000000000000000000155852851658574,0.153739704106433,0.000258544251432689
"207",206,0.000000000000000000123835382346204,0.15369446065011,0.000258327775598761
"208",207,0.0000000000000000000983953862672605,0.15364588481381,0.000258108163847861
"209",208,0.0000000000000000000781816271940316,0.153594022667421,0.000257885450724843
"210",209,0.0000000000000000000621204619675382,0.153538919747213,0.000257659670692384
"211",210,0.0000000000000000000493588078875443,0.15348062106174,0.000257430858124328
"212",211,0.0000000000000000000392188317832761,0.153419171097684,0.000257199047299277
"213",212,0.0000000000000000000311619506490844,0.15335461382563,0.000256964272394418
"214",213,0.0000000000000000000247602262335172,0.153286992705796,0.000256726567479587
"215",214,0.0000000000000000000196736338463507,0.15321635069369,0.000256485966511558
"216",215,0.0000000000000000000156320008260726,0.153142730245716,0.000256242503328557
"217",216,0.000000000000000000012420656653435,0.153066173324716,0.000255996211644986
"218",217,0.0000000000000000000098690315500934,0.152986721405464,0.000255747125046362
"219",218,0.00000000000000000000784159688685638,0.15290441548009,0.000255495276984456
"220",219,0.00000000000000000000623066628591945,0.152819296063458,0.000255240700772632
"221",220,0.00000000000000000000495067566739292,0.152731403198475,0.00025498342958138
"222",221,0.0000000000000000000039336386299571,0.152640776461359,0.000254723496434031
"223",222,0.00000000000000000000312553553076946,0.15254745496684,0.00025446093420266
"224",223,0.00000000000000000000248344426339928,0.152451477373307,0.000254195775604168
"225",224,0.00000000000000000000197326038565603,0.152352881887905,0.000253928053196526
"226",225,0.00000000000000000000156788563390485,0.152251706271573,0.000253657799375201
"227",226,0.00000000000000000000124578863333074,0.152147987844035,0.000253385046369731
"228",227,0.000000000000000000000989861296904919,0.152041763488725,0.000253109826240469
"229",228,0.000000000000000000000786510133221569,0.151933069657671,0.000252832170875471
"230",229,0.000000000000000000000624934215160155,0.151821942376323,0.000252552111987547
"231",230,0.000000000000000000000496551485872761,0.151708417248327,0.000252269681111441
"232",231,0.000000000000000000000394542932295727,0.15159252946025,0.000251984909601164
"233",232,0.000000000000000000000313490401393648,0.15147431378625,0.000251697828627462
"234",233,0.00000000000000000000024908881542159,0.1513538045927,0.00025140846917541
"235",234,0.000000000000000000000197917505364673,0.151231035842762,0.000251116862042146
"236",235,0.000000000000000000000157258522347136,0.151106041100907,0.000250823037834719
"237",236,0.000000000000000000000124952276273754,0.15097885353739,0.000250527026968071
"238",237,0.0000000000000000000000992828309749631,0.150849505932674,0.000250228859663128
"239",238,0.0000000000000000000000788867623507863,0.150718030681806,0.000249928565945007
"240",239,0.0000000000000000000000626807397602032,0.15058445979875,0.000249626175641339
"241",240,0.0000000000000000000000498039851820409,0.150448824920664,0.000249321718380697
"242",241,0.0000000000000000000000395725536397306,0.150311157312136,0.000249015223591128
"243",242,0.0000000000000000000000314430058669639,0.150171487869375,0.000248706720498788
"244",243,0.0000000000000000000000249835435727609,0.150029847124354,0.000248396238126674
"245",244,0.0000000000000000000000198510744572587,0.149886265248904,0.000248083805293459
"246",245,0.000000000000000000000015772988978427,0.14974077205877,0.000247769450612405
"247",246,0.0000000000000000000000125326808657637,0.149593397017618,0.000247453202490382
"248",247,0.00000000000000000000000995804217572438,0.149444169240999,0.000247135089126963
"249",248,0.00000000000000000000000791232179875554,0.14929311750027,0.000246815138513608
"250",249,0.00000000000000000000000628686193744808,0.149140270226471,0.00024649337843293
"251",250,0.00000000000000000000000499532678754297,0.148985655514163,0.00024616983645804
"252",251,0.00000000000000000000000396911685669373,0.148829301125214,0.000245844539951965
"253",252,0.0000000000000000000000031537253278307,0.148671234492557,0.000245517516067145
"254",253,0.00000000000000000000000250584293850229,0.148511482723895,0.000245188791745003
"255",254,0.00000000000000000000000199105761753235,0.148350072605371,0.000244858393715577
"256",255,0.0000000000000000000000015820267007536,0.148187030605198,0.00024452634849723
"257",256,0.00000000000000000000000125702463766482,0.148022382877242,0.000244192682396413
"258",257,0.000000000000000000000000998789045929272,0.147856155264576,0.000243857421507505
"259",258,0.000000000000000000000000793603823455936,0.147688373302987,0.0002435205917127
"260",259,0.000000000000000000000000630570620986953,0.147519062224445,0.000243182218681965
"261",260,0.000000000000000000000000501029980300668,0.147348246960536,0.000242842327873044
"262",261,0.000000000000000000000000398101390534379,0.147175952145857,0.00024250094453153
"263",262,0.000000000000000000000000316317831959282,0.147002202121371,0.000242158093690975
"264",263,0.000000000000000000000000251335396518929,0.146827020937727,0.000241813800173066
"265",264,0.000000000000000000000000199702562361161,0.146650432358542,0.000241468088587839
"266",265,0.000000000000000000000000158676867493738,0.146472459863647,0.000241120983333948
"267",266,0.00000000000000000000000012607924491396,0.146293126652296,0.00024077250859898
"268",267,0.00000000000000000000000010017828211466,0.146112455646344,0.000240422688359808
"269",268,0.0000000000000000000000000795982575603278,0.145930469493381,0.000240071546382993
"270",269,0.000000000000000000000000063246069647189,0.145747190569838,0.00023971910622523
"271",270,0.000000000000000000000000050253176991831,0.145562640984062,0.000239365391233824
"272",271,0.0000000000000000000000000399294661526938,0.145376842579342,0.000239010424547214
"273",272,0.0000000000000000000000000317265964592039,0.145189816936919,0.000238654229095531
"274",273,0.0000000000000000000000000252088750497613,0.14500158537895,0.000238296827601186
"275",274,0.0000000000000000000000000200301151796082,0.144812168971446,0.000237938242579505
"276",275,0.0000000000000000000000000159152486289442,0.144621588527173,0.000237578496339382
"277",276,0.0000000000000000000000000126457155447288,0.144429864608523,0.000237217610983975
"278",277,0.0000000000000000000000000100478556991735,0.144237017530354,0.000236855608411427
"279",278,0.00000000000000000000000000798368457724647,0.144043067362795,0.000236492510315619
"280",279,0.00000000000000000000000000634356437236168,0.143848033934021,0.000236128338186947
"281",280,0.00000000000000000000000000504038061049024,0.143651936833001,0.000235763113313133
"282",281,0.00000000000000000000000000400491509274931,0.14345479541221,0.000235396856780053
"283",282,0.00000000000000000000000000318216939155607,0.14325662879031,0.000235029589472596
"284",283,0.00000000000000000000000000252844362559619,0.143057455854811,0.000234661332075545
"285",284,0.00000000000000000000000000200901535439968,0.142857295264688,0.000234292105074479
"286",285,0.0000000000000000000000000015962953071747,0.14265616545298,0.000233921928756702
"287",286,0.00000000000000000000000000126836198738747,0.142454084629358,0.000233550823212182
"288",287,0.00000000000000000000000000100779731911622,0.142251070782655,0.000233178808334524
"289",288,0.000000000000000000000000000800761491251612,0.142047141683383,0.000232805903821948
"290",289,0.000000000000000000000000000636257860297117,0.14184231488621,0.000232432129178295
"291",290,0.000000000000000000000000000505548867167983,0.141636607732414,0.000232057503714047
"292",291,0.000000000000000000000000000401691944472912,0.14143003735231,0.000231682046547358
"293",292,0.000000000000000000000000000319170764167281,0.141222620667648,0.000231305776605109
"294",293,0.000000000000000000000000000253602239487021,0.141014374393984,0.000230928712623972
"295",294,0.000000000000000000000000000201503718676865,0.140805315043027,0.000230550873151492
"296",295,0.000000000000000000000000000160108005046131,0.140595458924959,0.000230172276547176
"297",296,0.000000000000000000000000000127216378178469,0.140384822150726,0.000229792940983598
"298",297,0.000000000000000000000000000101081809572646,0.140173420634309,0.000229412884447521
"299",298,0.0000000000000000000000000000803161697649785,0.139961270094961,0.000229032124741017
"300",299,0.0000000000000000000000000000638164982696027,0.13974838605943,0.000228650679482614
"301",300,0.0000000000000000000000000000507064201796078,0.13953478386415,0.000228268566108435
"302",301,0.0000000000000000000000000000402895977864085,0.139320478657406,0.00022788580187336
"303",302,0.0000000000000000000000000000320127448173682,0.13910548540148,0.000227502403852192
"304",303,0.0000000000000000000000000000254362388074868,0.138889818874772,0.000227118388940826
"305",304,0.0000000000000000000000000000202107706901984,0.138673493673892,0.000226733773857434
"306",305,0.0000000000000000000000000000160587913558474,0.138456524215737,0.000226348575143651
"307",306,0.0000000000000000000000000000127597697170181,0.138238924739536,0.000225962809165768
"308",307,0.0000000000000000000000000000101384792681553,0.138020709308879,0.000225576492115931
"309",308,0.00000000000000000000000000000805569098432084,0.13780189181372,0.000225189640013347
"310",309,0.00000000000000000000000000000640077821516658,0.137582485972358,0.000224802268705494
"311",310,0.0000000000000000000000000000050858407850039,0.137362505333396,0.000224414393869332
"312",311,0.00000000000000000000000000000404103620230726,0.137141963277677,0.000224026031012523
"313",312,0.00000000000000000000000000000321086999746767,0.136920873020202,0.00022363719547465
"314",313,0.00000000000000000000000000000255124815134787,0.13669924761202,0.000223247902428443
"315",314,0.00000000000000000000000000000202713505525345,0.136477099942103,0.000222858166881003
"316",315,0.00000000000000000000000000000161069260551862,0.136254442739198,0.000222468003675032
"317",316,0.00000000000000000000000000000127980159129137,0.136031288573657,0.000222077427490064
"318",317,0.00000000000000000000000000000101688683952942,0.135807649859245,0.000221686452843694
"319",318,0.000000000000000000000000000000807983715167798,0.135583538854934,0.000221295094092812
"320",319,0.00000000000000000000000000000064199639389213,0.13535896766667,0.000220903365434838
"321",320,0.000000000000000000000000000000510108510892267,0.135133948249126,0.000220511280908951
"322",321,0.000000000000000000000000000000405314882389858,0.134908492407427,0.000220118854397329
"323",322,0.000000000000000000000000000000322049427483234,0.134682611798867,0.000219726099626376
"324",323,0.000000000000000000000000000000255889527497148,0.134456317934597,0.00021933303016796
"325",324,0.000000000000000000000000000000203321119973019,0.1342296221813,0.000218939659440639
"326",325,0.000000000000000000000000000000161552050337375,0.13400253576284,0.000218546000710898
"327",326,0.000000000000000000000000000000128363767481246,0.133775069761907,0.000218152067094373
"328",327,0.000000000000000000000000000000101993486109271,0.133547235121623,0.000217757871557079
"329",328,0.0000000000000000000000000000000810405569487509,0.133319042647148,0.000217363426916638
"330",329,0.0000000000000000000000000000000643920717007057,0.133090503007261,0.000216968745843499
"331",330,0.0000000000000000000000000000000511637512625704,0.132861626735919,0.000216573840862159
"332",331,0.0000000000000000000000000000000406529775191594,0.132632424233804,0.000216178724352383
"333",332,0.0000000000000000000000000000000323014740004826,0.132402905769853,0.000215783408550415
"334",333,0.0000000000000000000000000000000256656532012143,0.13217308148277,0.000215387905550194
"335",334,0.0000000000000000000000000000000203930555687472,0.131942961382515,0.000214992227304559
"336",335,0.0000000000000000000000000000000162036287239409,0.131712555351786,0.000214596385626453
"337",336,0.0000000000000000000000000000000128748525662777,0.131481873147478,0.00021420039219013
"338",337,0.0000000000000000000000000000000102299201880982,0.131250924402128,0.000213804258532343
"339",338,0.00000000000000000000000000000000812834683085448,0.13101971862534,0.000213407996053544
"340",339,0.00000000000000000000000000000000645850808098028,0.130788265205202,0.000213011616019069
"341",340,0.00000000000000000000000000000000513171097396447,0.130556573409678,0.000212615129560326
"342",341,0.00000000000000000000000000000000407748309518647,0.130324652387991,0.00021221854767597
"343",342,0.0000000000000000000000000000000032398294595872,0.130092511171984,0.000211821881233078
"344",343,0.00000000000000000000000000000000257425835550295,0.129860158677476,0.000211425140968324
"345",344,0.00000000000000000000000000000000204541818127618,0.129627603705589,0.00021102833748914
"346",345,0.00000000000000000000000000000000162521975595488,0.129394854944073,0.000210631481274875
"347",346,0.00000000000000000000000000000000129134437120291,0.129161920968607,0.000210234582677951
"348",347,0.00000000000000000000000000000000102605834006611,0.128928810244092,0.000209837651925014
"349",348,0.000000000000000000000000000000000815271077720547,0.128695531125922,0.000209440699118074
"350",349,0.000000000000000000000000000000000647786684453652,0.128462091861249,0.000209043734235645
"351",350,0.000000000000000000000000000000000514709278941607,0.128228500590226,0.000208646767133875
"352",351,0.000000000000000000000000000000000408970496286289,0.127994765347244,0.000208249807547678
"353",352,0.00000000000000000000000000000000032495405401782,0.127760894062147,0.000207852865091847
"354",353,0.000000000000000000000000000000000258197445002675,0.12752689456144,0.000207455949262174
"355",354,0.000000000000000000000000000000000205154912768817,0.127292774569478,0.000207059069436556
"356",355,0.000000000000000000000000000000000163009119756195,0.127058541709644,0.000206662234876098
"357",356,0.000000000000000000000000000000000129521505310659,0.126824203505519,0.000206265454726207
"358",357,0.000000000000000000000000000000000102913385232863,0.126589767382025,0.000205868738017687
"359",358,0.000000000000000000000000000000000081771477521692,0.126355240666572,0.000205472093667815
"360",359,0.000000000000000000000000000000000064972836341456,0.12612063059018,0.000205075530481423
"361",360,0.0000000000000000000000000000000000516252071039574,0.125885944288591,0.000204679057151968
"362",361,0.000000000000000000000000000000000041019634644244,0.125651188803373,0.000204282682262591
"363",362,0.0000000000000000000000000000000000325928072880943,0.125416371083005,0.000203886414287181
"364",363,0.0000000000000000000000000000000000258971367281014,0.125181497983958,0.00020349026159142
"365",364,0.000000000000000000000000000000000020576984510289,0.124946576271751,0.00020309423243383
"366",365,0.0000000000000000000000000000000000163497724085169,0.124711612622012,0.000202698334966808
"367",366,0.0000000000000000000000000000000000129909733701093,0.12447661362151,0.000202302577237657
"368",367,0.000000000000000000000000000000000010322185831466,0.124241585769188,0.000201906967189611
"369",368,0.0000000000000000000000000000000000082016579746413,0.124006535477181,0.000201511512662847
"370",369,0.00000000000000000000000000000000000651675862373452,0.123771469071814,0.000201116221395499
"371",370,0.00000000000000000000000000000000000517799487510056,0.123536392794605,0.000200721101024658
"372",371,0.00000000000000000000000000000000000411425870967795,0.123301312803242,0.000200326159087372
"373",372,0.00000000000000000000000000000000000326905011272955,0.123066235172556,0.000199931403021627
"374",373,0.00000000000000000000000000000000000259747609317771,0.122831165895482,0.000199536840167336
"375",374,0.00000000000000000000000000000000000206386620638136,0.122596110884008,0.00019914247776731
"376",375,0.00000000000000000000000000000000000163987792959129,0.122361075970116,0.000198748322968229
"377",376,0.00000000000000000000000000000000000130299125769191,0.122126066906709,0.000198354382821597
"378",377,0.00000000000000000000000000000000000103531256015175,0.121891089368528,0.000197960664284701
"379",378,0.00000000000000000000000000000000000082262416641738,0.121656148953063,0.000197567174221556
"380",379,0.000000000000000000000000000000000000653629198775203,0.121421251181446,0.000197173919403844
"381",380,0.000000000000000000000000000000000000519351542214183,0.121186401499345,0.000196780906511846
"382",381,0.000000000000000000000000000000000000412659080875942,0.120951605277833,0.000196388142135368
"383",382,0.000000000000000000000000000000000000327884877944864,0.12071686781426,0.000195995632774661
"384",383,0.000000000000000000000000000000000000260526178066192,0.120482194333113,0.000195603384841329
"385",384,0.000000000000000000000000000000000000207005244899372,0.120247589986858,0.000195211404659235
"386",385,0.000000000000000000000000000000000000164479330767915,0.120013059856784,0.000194819698465399
"387",386,0.000000000000000000000000000000000000130689685002968,0.119778608953826,0.000194428272410887
"388",387,0.000000000000000000000000000000000000103841581105865,0.119544242219391,0.000194037132561693
"389",388,0.0000000000000000000000000000000000000825089904097706,0.119309964526163,0.000193646284899617
"390",389,0.0000000000000000000000000000000000000655588390116987,0.119075780678907,0.000193255735323133
"391",390,0.0000000000000000000000000000000000000520908249054628,0.118841695415261,0.000192865489648252
"392",391,0.0000000000000000000000000000000000000413895987213468,0.118607713406516,0.000192475553609374
"393",392,0.0000000000000000000000000000000000000328867681673907,0.118373839258396,0.00019208593286014
"394",393,0.000000000000000000000000000000000000026130708050037,0.118140077511817,0.00019169663297427
"395",394,0.0000000000000000000000000000000000000207625723427979,0.117906432643649,0.000191307659446399
"396",395,0.0000000000000000000000000000000000000164972341914519,0.117672909067462,0.000190919017692903
"397",396,0.0000000000000000000000000000000000000131081414900893,0.117439511134264,0.00019053071305272
"398",397,0.0000000000000000000000000000000000000104152836366493,0.117206243133239,0.000190142750788162
"399",398,0.00000000000000000000000000000000000000827563032592159,0.116973109292461,0.000189755136085724
"400",399,0.00000000000000000000000000000000000000657553453948432,0.116740113779619,0.000189367874056882
"401",400,0.0000000000000000000000000000000000000052246962197573,0.116507260702714,0.000188980969738884
"402",401,0.00000000000000000000000000000000000000415136601060071,0.116274554110766,0.00018859442809554
"403",402,0.00000000000000000000000000000000000000329853431263634,0.116041997994501,0.000188208254017999
"404",403,0.00000000000000000000000000000000000000262090323615307,0.115809596287035,0.000187822452325522
"405",404,0.00000000000000000000000000000000000000208248061781947,0.11557735286455,0.000187437027766248
"406",405,0.00000000000000000000000000000000000000165466830815134,0.115345271546962,0.00018705198501795
"407",406,0.00000000000000000000000000000000000000131474318971922,0.11511335609858,0.000186667328688796
"408",407,0.00000000000000000000000000000000000000104465024585155,0.11488161022876,0.000186283063318083
"409",408,0.000000000000000000000000000000000000000830043574053999,0.114650037592551,0.000185899193376988
"410",409,0.000000000000000000000000000000000000000659524407871768,0.11441864179133,0.000185515723269292
"411",410,0.000000000000000000000000000000000000000524035674963625,0.114187426373439,0.000185132657332109
"412",411,0.000000000000000000000000000000000000000416380933528657,0.113956394834802,0.00018474999983661
"413",412,0.000000000000000000000000000000000000000330842135543978,0.113725550619545,0.000184367754988727
"414",413,0.000000000000000000000000000000000000000262875914426968,0.113494897120608,0.00018398592692987
"415",414,0.000000000000000000000000000000000000000208872265535926,0.113264437680343,0.000183604519737621
"416",415,0.000000000000000000000000000000000000000165962801899186,0.113034175591112,0.000183223537426427
"417",416,0.000000000000000000000000000000000000000131868400735525,0.11280411409588,0.000182842983948295
"418",417,0.000000000000000000000000000000000000000104778148558302,0.112574256388791,0.000182462863193464
"419",418,0.000000000000000000000000000000000000000083253155070289,0.112344605615748,0.000182083178991089
"420",419,0.0000000000000000000000000000000000000000661501269541987,0.112115164874983,0.000181703935109903
"421",420,0.0000000000000000000000000000000000000000525606422046368,0.111885937217618,0.000181325135258884
"422",421,0.0000000000000000000000000000000000000000417628995765442,0.111656925648221,0.00018094678308791
"423",422,0.0000000000000000000000000000000000000000331833803371346,0.11142813312536,0.000180568882188409
"424",423,0.0000000000000000000000000000000000000000263663859972351,0.111199562562143,0.000180191436094007
"425",424,0.0000000000000000000000000000000000000000209498340281274,0.11097121682676,0.000179814448281159
"426",425,0.0000000000000000000000000000000000000000166460259609379,0.11074309874301,0.000179437922169791
"427",426,0.0000000000000000000000000000000000000000132263663721725,0.110515211090831,0.000179061861123917
"428",427,0.0000000000000000000000000000000000000000105092211090771,0.110287556606817,0.000178686268452266
"429",428,0.00000000000000000000000000000000000000000835026984825097,0.110060137984735,0.000178311147408896
"430",429,0.00000000000000000000000000000000000000000663484056666997,0.10983295787603,0.0001779365011938
"431",430,0.00000000000000000000000000000000000000000527181877294062,0.109606018890328,0.00017756233295351
"432",431,0.00000000000000000000000000000000000000000418880798950049,0.109379323595935,0.000177188645781696
"433",432,0.00000000000000000000000000000000000000000332828443628686,0.109152874520325,0.000176815442719756
"434",433,0.00000000000000000000000000000000000000000264454167309548,0.108926674150627,0.000176442726757401
"435",434,0.00000000000000000000000000000000000000000210126291626112,0.108700724934105,0.000176070500833239
"436",435,0.00000000000000000000000000000000000000000166959208401734,0.108475029278633,0.000175698767835345
"437",436,0.00000000000000000000000000000000000000000132660111471123,0.108249589553161,0.000175327530601832
"438",437,0.00000000000000000000000000000000000000000105407214995804,0.108024408088183,0.000174956791921416
"439",438,0.000000000000000000000000000000000000000000837529898773689,0.107799487176193,0.000174586554533972
"440",439,0.000000000000000000000000000000000000000000665472787007787,0.107574829072139,0.000174216821131087
"441",440,0.000000000000000000000000000000000000000000528762054818984,0.107350435993872,0.000173847594356607
"442",441,0.000000000000000000000000000000000000000000420136354295615,0.107126310122587,0.000173478876807181
"443",442,0.000000000000000000000000000000000000000000333826065225574,0.106902453603262,0.000173110671032795
"444",443,0.000000000000000000000000000000000000000000265246843517803,0.106678868545092,0.000172742979537304
"445",444,0.000000000000000000000000000000000000000000210756125195367,0.106455557021917,0.000172375804778958
"446",445,0.000000000000000000000000000000000000000000167459652745628,0.106232521072643,0.000172009149170924
"447",446,0.000000000000000000000000000000000000000000133057747534935,0.106009762701665,0.0001716430150818
"448",447,0.000000000000000000000000000000000000000000105723163095074,0.105787283879274,0.000171277404836126
"449",448,0.0000000000000000000000000000000000000000000840040314968732,0.105565086542075,0.00017091232071489
"450",449,0.000000000000000000000000000000000000000000066746747837858,0.105343172593381,0.000170547764956027
"451",450,0.000000000000000000000000000000000000000000053034696877571,0.105121543903622,0.000170183739754917
"452",451,0.0000000000000000000000000000000000000000000421395673048885,0.104900202310734,0.000169820247264874
"453",452,0.0000000000000000000000000000000000000000000334826677098293,0.104679149620555,0.00016945728959763
"454",453,0.0000000000000000000000000000000000000000000266041895697583,0.104458387607205,0.000169094868823819
"455",454,0.0000000000000000000000000000000000000000000211387846630828,0.104237918013473,0.000168732986973449
"456",455,0.0000000000000000000000000000000000000000000167961597123834,0.104017742551193,0.000168371646036377
"457",456,0.000000000000000000000000000000000000000000013345657547502,0.103797862901617,0.000168010847962771
"458",457,0.0000000000000000000000000000000000000000000106040058218716,0.103578280715782,0.000167650594663577
"459",458,0.00000000000000000000000000000000000000000000842558255897497,0.103358997614881,0.000167290888010969
"460",459,0.00000000000000000000000000000000000000000000669468148646996,0.103140015190616,0.000166931729838809
"461",460,0.00000000000000000000000000000000000000000000531936633361244,0.10292133500556,0.000166573121943087
"462",461,0.00000000000000000000000000000000000000000000422658766490316,0.102702958593506,0.00016621506608237
"463",462,0.00000000000000000000000000000000000000000000335830288209909,0.102484887459819,0.000165857563978237
"464",463,0.00000000000000000000000000000000000000000000266839330970637,0.102267123081777,0.000165500617315715
"465",464,0.00000000000000000000000000000000000000000000212021461591195,0.102049666908915,0.000165144227743706
"466",465,0.00000000000000000000000000000000000000000000168465046032563,0.101832520363357,0.000164788396875417
"467",466,0.00000000000000000000000000000000000000000000133856598863914,0.101615684840156,0.000164433126288775
"468",467,0.00000000000000000000000000000000000000000000106357903205343,0.101399161707615,0.000164078417526848
"469",468,0.000000000000000000000000000000000000000000000845083744114657,0.101182952307617,0.000163724272098256
"470",469,0.000000000000000000000000000000000000000000000671474815734212,0.100967057955948,0.000163370691477576
"471",470,0.000000000000000000000000000000000000000000000533531062815144,0.10075147994261,0.00016301767710575
"472",471,0.000000000000000000000000000000000000000000000423925645934175,0.100536219532141,0.000162665230390483
"473",472,0.000000000000000000000000000000000000000000000336836907550356,0.100321277963919,0.000162313352706638
"474",473,0.000000000000000000000000000000000000000000000267639156480059,0.100106656452477,0.000161962045396625
"475",474,0.000000000000000000000000000000000000000000000212656975752128,0.0998923561878,0.000161611309770794
"476",475,0.0000000000000000000000000000000000000000000001689700039815,0.0996783783356296,0.000161261147107813
"477",476,0.000000000000000000000000000000000000000000000134257821284861,0.0994647240377585,0.000160911558655048
"478",477,0.00000000000000000000000000000000000000000000010667670090208,0.0992513944123245,0.000160562545628941
"479",478,0.0000000000000000000000000000000000000000000000847616802242491,0.0990383905541011,0.000160214109215377
"480",479,0.0000000000000000000000000000000000000000000000673487497615122,0.0988257135347836,0.000159866250570057
"481",480,0.000000000000000000000000000000000000000000000053513027141965,0.0986133644032729,0.000159518970818856
"482",481,0.0000000000000000000000000000000000000000000000425196322728646,0.0984013441859556,0.000159172271058184
"483",482,0.0000000000000000000000000000000000000000000000337846544136513,0.0981896538869814,0.000158826152355346
"484",483,0.0000000000000000000000000000000000000000000000268441379390356,0.0979782944885365,0.000158480615748889
"485",484,0.0000000000000000000000000000000000000000000000213294394806299,0.0977672669511146,0.000158135662248952
"486",485,0.0000000000000000000000000000000000000000000000169476475493852,0.0975565722137847,0.000157791292837613
"487",486,0.0000000000000000000000000000000000000000000000134660246331845,0.0973462111944553,0.000157447508469228
"488",487,0.0000000000000000000000000000000000000000000000106996454164585,0.0971361847901366,0.000157104310070767
"489",488,0.00000000000000000000000000000000000000000000000850157452971087,0.0969264938771984,0.000156761698542152
"490",489,0.00000000000000000000000000000000000000000000000675506212318499,0.0967171393116261,0.000156419674756586
"491",490,0.0000000000000000000000000000000000000000000000053673427349981,0.0965081219292735,0.000156078239560875
"492",491,0.00000000000000000000000000000000000000000000000426470808255925,0.0962994425461125,0.00015573739377576
"493",492,0.00000000000000000000000000000000000000000000000338859207012288,0.0960911019584798,0.000155397138196229
"494",493,0.0000000000000000000000000000000000000000000000026924600688751,0.0958831009433214,0.00015505747359184
"495",494,0.00000000000000000000000000000000000000000000000213933724463447,0.095675440258434,0.000154718400707029
"496",495,0.0000000000000000000000000000000000000000000000016998446510638,0.0954681206427032,0.000154379920261422
"497",496,0.00000000000000000000000000000000000000000000000135063877609624,0.0952611428163395,0.000154042032950143
"498",497,0.00000000000000000000000000000000000000000000000107317165857075,0.0950545074811117,0.000153704739444112
"499",498,0.000000000000000000000000000000000000000000000000852705719058542,0.094848215320577,0.000153368040390353
"500",499,0.000000000000000000000000000000000000000000000000677530977927153,0.0946422670003091,0.000153031936412284
"501",500,0.000000000000000000000000000000000000000000000000538343083423613,0.0944366631681233,0.000152696428110011
"502",501,0.000000000000000000000000000000000000000000000000427749113932327,0.0942314044542991,0.000152361516060624
"503",502,0.000000000000000000000000000000000000000000000000339874905248696,0.0940264914718005,0.000152027200818477
"504",503,0.000000000000000000000000000000000000000000000000270053046179039,0.0938219248164934,0.000151693482915476
"505",504,0.00000000000000000000000000000000000000000000000021457497045042,0.0936177050673607,0.000151360362861362
"506",505,0.000000000000000000000000000000000000000000000000170493977369445,0.0934138327867149,0.000151027841143984
"507",506,0.00000000000000000000000000000000000000000000000013546871873376,0.0932103085204083,0.000150695918229577
"508",507,0.000000000000000000000000000000000000000000000000107638838852353,0.093007132798041,0.000150364594563034
"509",508,0.0000000000000000000000000000000000000000000000000855261623331172,0.0928043061331656,0.000150033870568175
"510",509,0.0000000000000000000000000000000000000000000000000679561812578098,0.092601829023491,0.000149703746648012
"511",510,0.0000000000000000000000000000000000000000000000000539956715602112,0.0923997019510826,0.000149374223185013
"512",511,0.0000000000000000000000000000000000000000000000000429031251208386,0.0921979253825609,0.000149045300541365
"513",512,0.0000000000000000000000000000000000000000000000000340893647943945,0.0919964997692975,0.000148716979059224
"514",513,0.0000000000000000000000000000000000000000000000000270862504494073,0.0917954255476089,0.000148389259060981
"515",514,0.0000000000000000000000000000000000000000000000000215218138511239,0.0915947031389482,0.000148062140849503
"516",515,0.0000000000000000000000000000000000000000000000000171005016847049,0.0913943329500948,0.000147735624708389
"517",516,0.0000000000000000000000000000000000000000000000000135874773330653,0.0911943153733412,0.000147409710902214
"518",517,0.0000000000000000000000000000000000000000000000000107961476031835,0.0909946507866781,0.000147084399676774
"519",518,0.00000000000000000000000000000000000000000000000000857825188683719,0.0907953395539778,0.000146759691259326
"520",519,0.00000000000000000000000000000000000000000000000000681598734462719,0.0905963820251748,0.000146435585858826
"521",520,0.00000000000000000000000000000000000000000000000000541575184489563,0.0903977785364443,0.000146112083666168
"522",521,0.00000000000000000000000000000000000000000000000000430317231568961,0.0901995294103795,0.000145789184854412
"523",522,0.00000000000000000000000000000000000000000000000000341915444223504,0.0900016349561658,0.000145466889579022
"524",523,0.00000000000000000000000000000000000000000000000000271674389083396,0.0898040954697538,0.000145145197978085
"525",524,0.00000000000000000000000000000000000000000000000000215863234407131,0.0896069112340297,0.000144824110172546
"526",525,0.00000000000000000000000000000000000000000000000000171517588116869,0.0894100825189844,0.000144503626266424
"527",526,0.00000000000000000000000000000000000000000000000000136282045037569,0.0892136095818799,0.000144183746347035
"528",527,0.00000000000000000000000000000000000000000000000000108285080285567,0.0890174926674143,0.000143864470485214
"529",528,0.000000000000000000000000000000000000000000000000000860396438079521,0.0888217320078848,0.000143545798735525
"530",529,0.000000000000000000000000000000000000000000000000000683641761826902,0.0886263278233488,0.000143227731136476
"531",530,0.000000000000000000000000000000000000000000000000000543198504583529,0.0884312803217831,0.000142910267710735
"532",531,0.000000000000000000000000000000000000000000000000000431607066533323,0.088236589699241,0.000142593408465332
"533",532,0.000000000000000000000000000000000000000000000000000342940303240204,0.0880422561400084,0.000142277153391868
"534",533,0.000000000000000000000000000000000000000000000000000272488707219539,0.0878482798167572,0.000141961502466721
"535",534,0.000000000000000000000000000000000000000000000000000216510263916601,0.0876546608906974,0.000141646455651247
"536",535,0.000000000000000000000000000000000000000000000000000172031695770308,0.0874613995117274,0.000141332012891975
"537",536,0.000000000000000000000000000000000000000000000000000136690537502682,0.0872684958185822,0.000141018174120814
"538",537,0.000000000000000000000000000000000000000000000000000108609654512265,0.0870759499389807,0.000140704939255238
"539",538,0.0000000000000000000000000000000000000000000000000000862975394550776,0.0868837619897705,0.000140392308198486
"540",539,0.000000000000000000000000000000000000000000000000000068569091297125,0.0866919320770712,0.000140080280839751
"541",540,0.0000000000000000000000000000000000000000000000000000544826690425045,0.0865004602964163,0.000139768857054365
"542",541,0.0000000000000000000000000000000000000000000000000000432900767655285,0.0863093467328935,0.000139458036703993
"543",542,0.0000000000000000000000000000000000000000000000000000343968234174308,0.086118591461283,0.000139147819636811
"544",543,0.0000000000000000000000000000000000000000000000000000273305466196827,0.0859281945461943,0.000138838205687691
"545",544,0.0000000000000000000000000000000000000000000000000000217159232835472,0.0857381560422017,0.000138529194678383
"546",545,0.0000000000000000000000000000000000000000000000000000172547344412529,0.0855484759939779,0.00013822078641769
"547",546,0.0000000000000000000000000000000000000000000000000000137100254385098,0.0853591544364265,0.000137912980701646
"548",547,0.0000000000000000000000000000000000000000000000000000108935201619329,0.0851701913948122,0.000137605777313693
"549",548,0.00000000000000000000000000000000000000000000000000000865562081198711,0.0849815868848904,0.000137299176024848
"550",549,0.00000000000000000000000000000000000000000000000000000687746206251212,0.0847933409130344,0.000136993176593879
"551",550,0.00000000000000000000000000000000000000000000000000000546459756598727,0.0846054534763619,0.000136687778767469
"552",551,0.00000000000000000000000000000000000000000000000000000434198346523287,0.0844179245628599,0.000136382982280388
"553",552,0.00000000000000000000000000000000000000000000000000000344999246233598,0.0842307541515074,0.000136078786855651
"554",553,0.00000000000000000000000000000000000000000000000000000274124673331448,0.0840439422123975,0.000135775192204688
"555",554,0.00000000000000000000000000000000000000000000000000000217810146976939,0.0838574887068581,0.000135472198027499
"556",555,0.00000000000000000000000000000000000000000000000000000173064538662501,0.0836713935875703,0.000135169804012818
"557",556,0.00000000000000000000000000000000000000000000000000000137511199354892,0.0834856567986869,0.000134868009838268
"558",557,0.00000000000000000000000000000000000000000000000000000109261724522876,0.0833002782759476,0.000134566815170517
"559",558,0.000000000000000000000000000000000000000000000000000000868156521193794,0.083115257946795,0.000134266219665432
"560",559,0.000000000000000000000000000000000000000000000000000000689807660077255,0.0829305957304873,0.000133966222968232
"561",560,0.000000000000000000000000000000000000000000000000000000548097717732906,0.0827462915382111,0.000133666824713637
"562",561,0.000000000000000000000000000000000000000000000000000000435499814760503,0.0825623452731921,0.00013336802452602
"563",562,0.000000000000000000000000000000000000000000000000000000346033348653453,0.082378756830805,0.000133069822019549
"564",563,0.000000000000000000000000000000000000000000000000000000274946335961522,0.0821955260986817,0.000132772216798336
"565",564,0.000000000000000000000000000000000000000000000000000000218463012171622,0.0820126529568183,0.00013247520845658
"566",565,0.000000000000000000000000000000000000000000000000000000173583283153034,0.0818301372776812,0.000132178796578709
"567",566,0.000000000000000000000000000000000000000000000000000000137923376093138,0.0816479789263118,0.00013188298073952
"568",567,0.000000000000000000000000000000000000000000000000000000109589226147764,0.0814661777604297,0.000131587760504319
"569",568,0.0000000000000000000000000000000000000000000000000000000870758737775946,0.0812847336305351,0.000131293135429057
"570",569,0.000000000000000000000000000000000000000000000000000000069187529291503,0.0811036463800095,0.000130999105060467
"571",570,0.0000000000000000000000000000000000000000000000000000000549740588499762,0.0809229158452162,0.000130705668936195
"572",571,0.0000000000000000000000000000000000000000000000000000000436805184024948,0.0807425418555981,0.000130412826584939
"573",572,0.0000000000000000000000000000000000000000000000000000000347070550696934,0.0805625242337759,0.000130120577526574
"574",573,0.0000000000000000000000000000000000000000000000000000000275770461447163,0.0803828627956444,0.000129828921272282
"575",574,0.0000000000000000000000000000000000000000000000000000000219117834267617,0.0802035573504675,0.000129537857324686
"576",575,0.0000000000000000000000000000000000000000000000000000000174103582530828,0.0800246077009724,0.00012924738517797
"577",576,0.0000000000000000000000000000000000000000000000000000000138336788291946,0.0798460136434428,0.000128957504318006
"578",577,0.0000000000000000000000000000000000000000000000000000000109917709427617,0.0796677749678108,0.000128668214222481
"579",578,0.00000000000000000000000000000000000000000000000000000000873368754254747,0.0794898914577476,0.000128379514361015
"580",579,0.00000000000000000000000000000000000000000000000000000000693949123285536,0.0793123628907538,0.000128091404195284
"581",580,0.0000000000000000000000000000000000000000000000000000000055138838361545,0.0791351890382475,0.00012780388317914
"582",581,0.0000000000000000000000000000000000000000000000000000000043811446600958,0.0789583696656524,0.000127516950758728
"583",582,0.00000000000000000000000000000000000000000000000000000000348110861654869,0.0787819045324846,0.000127230606372602
"584",583,0.00000000000000000000000000000000000000000000000000000000276597057170546,0.078605793392438,0.000126944849451844
"585",584,0.0000000000000000000000000000000000000000000000000000000021977461913055,0.0784300359934691,0.000126659679420173
"586",585,0.0000000000000000000000000000000000000000000000000000000017462544145651,0.0782546320778807,0.000126375095694063
"587",586,0.00000000000000000000000000000000000000000000000000000000138751439654491,0.0780795813824045,0.000126091097682851
"588",587,0.00000000000000000000000000000000000000000000000000000000110247177304851,0.0779048836382829,0.000125807684788846
"589",588,0.000000000000000000000000000000000000000000000000000000000875986594009645,0.0777305385713498,0.000125524856407443
"590",589,0.000000000000000000000000000000000000000000000000000000000696029169765289,0.0775565459021103,0.000125242611927226
"591",590,0.000000000000000000000000000000000000000000000000000000000553041117840239,0.0773829053458197,0.000124960950730077
"592",591,0.000000000000000000000000000000000000000000000000000000000439427672442405,0.0772096166125611,0.000124679872191279
"593",592,0.000000000000000000000000000000000000000000000000000000000349154290845932,0.0770366794073231,0.000124399375679622
"594",593,0.000000000000000000000000000000000000000000000000000000000277426130535973,0.0768640934300753,0.000124119460557505
"595",594,0.000000000000000000000000000000000000000000000000000000000220433372643627,0.0766918583758436,0.000123840126181034
"596",595,0.000000000000000000000000000000000000000000000000000000000175148864604676,0.0765199739347849,0.000123561371900131
"597",596,0.000000000000000000000000000000000000000000000000000000000139167333895047,0.0763484397922603,0.000123283197058623
"598",597,0.000000000000000000000000000000000000000000000000000000000110577632730704,0.0761772556289075,0.000123005600994348
"599",598,0.0000000000000000000000000000000000000000000000000000000000878612280490166,0.0760064211207131,0.000122728583039247
"600",599,0.0000000000000000000000000000000000000000000000000000000000698115450986484,0.0758359359390828,0.00012245214251946
"601",600,0.0000000000000000000000000000000000000000000000000000000000554698805978637,0.075665799750912,0.000122176278755424
"602",601,0.0000000000000000000000000000000000000000000000000000000000440744815086584,0.0754960122186548,0.000121900991061965
"603",602,0.0000000000000000000000000000000000000000000000000000000000350200847616731,0.0753265730003922,0.000121626278748387
"604",603,0.0000000000000000000000000000000000000000000000000000000000278257688969941,0.0751574817499002,0.000121352141118568
"605",604,0.0000000000000000000000000000000000000000000000000000000000221094100707691,0.074988738116716,0.000121078577471047
"606",605,0.0000000000000000000000000000000000000000000000000000000000175673856663933,0.0748203417462045,0.000120805587099116
"607",606,0.0000000000000000000000000000000000000000000000000000000000139584474739025,0.0746522922796231,0.000120533169290906
"608",607,0.0000000000000000000000000000000000000000000000000000000000110909078665259,0.0744845893541865,0.000120261323329473
"609",608,0.00000000000000000000000000000000000000000000000000000000000881245837216124,0.0743172326031303,0.000119990048492887
"610",609,0.00000000000000000000000000000000000000000000000000000000000700207985637166,0.0741502216557736,0.000119719344054317
"611",610,0.00000000000000000000000000000000000000000000000000000000000556361462879529,0.0739835561375817,0.000119449209282111
"612",611,0.00000000000000000000000000000000000000000000000000000000000442065905740535,0.073817235670227,0.000119179643439883
"613",612,0.00000000000000000000000000000000000000000000000000000000000351250541341889,0.07365125987165,0.000118910645786595
"614",613,0.00000000000000000000000000000000000000000000000000000000000279091739921206,0.0734856283561195,0.000118642215576635
"615",614,0.00000000000000000000000000000000000000000000000000000000000221756809241271,0.0733203407342914,0.000118374352059901
"616",615,0.00000000000000000000000000000000000000000000000000000000000176200422336945,0.0731553966132675,0.000118107054481875
"617",616,0.00000000000000000000000000000000000000000000000000000000000140002865922999,0.0729907955966532,0.000117840322083707
"618",617,0.00000000000000000000000000000000000000000000000000000000000111241518077471,0.0728265372846152,0.00011757415410229
"619",618,0.00000000000000000000000000000000000000000000000000000000000088388728777783,0.0726626212739373,0.000117308549770335
"620",619,0.000000000000000000000000000000000000000000000000000000000000702306792461395,0.0724990471580765,0.000117043508316447
"621",620,0.000000000000000000000000000000000000000000000000000000000000558029103436309,0.0723358145272185,0.000116779028965201
"622",621,0.000000000000000000000000000000000000000000000000000000000000443390956238043,0.0721729229683315,0.000116515110937214
"623",622,0.000000000000000000000000000000000000000000000000000000000000352303381424127,0.0720103720652205,0.000116251753449221
"624",623,0.000000000000000000000000000000000000000000000000000000000000279928290860852,0.0718481613985807,0.000115988955714141
"625",624,0.000000000000000000000000000000000000000000000000000000000000222421504180634,0.0716862905460493,0.000115726716941154
"626",625,0.000000000000000000000000000000000000000000000000000000000000176728566340467,0.0715247590822583,0.000115465036335768
"627",626,0.000000000000000000000000000000000000000000000000000000000000140422511194744,0.0713635665788852,0.00011520391309989
"628",627,0.000000000000000000000000000000000000000000000000000000000000111574953945195,0.0712027126047038,0.000114943346431892
"629",628,0.0000000000000000000000000000000000000000000000000000000000000886536655836306,0.0710421967256346,0.000114683335526683
"630",629,0.0000000000000000000000000000000000000000000000000000000000000704411890259414,0.0708820185047939,0.00011442387957577
"631",630,0.000000000000000000000000000000000000000000000000000000000000055970174258701,0.0707221775025429,0.000114164977767331
"632",631,0.000000000000000000000000000000000000000000000000000000000000044471997844836,0.0705626732765358,0.000113906629286274
"633",632,0.0000000000000000000000000000000000000000000000000000000000000353359377294353,0.070403505381768,0.000113648833314307
"634",633,0.0000000000000000000000000000000000000000000000000000000000000280767349282357,0.0702446733706225,0.000113391589029996
"635",634,0.0000000000000000000000000000000000000000000000000000000000000223088191479844,0.070086176792917,0.000113134895608833
"636",635,0.0000000000000000000000000000000000000000000000000000000000000177258293405396,0.0699280151959499,0.000112878752223296
"637",636,0.0000000000000000000000000000000000000000000000000000000000000140843414313269,0.0697701881245456,0.000112623158042911
"638",637,0.0000000000000000000000000000000000000000000000000000000000000111909389255213,0.0696126951210992,0.000112368112234311
"639",638,0.00000000000000000000000000000000000000000000000000000000000000889193965123496,0.0694555357256215,0.000112113613961299
"640",639,0.00000000000000000000000000000000000000000000000000000000000000706523297887819,0.0692987094757821,0.000111859662384905
"641",640,0.00000000000000000000000000000000000000000000000000000000000000561379395314443,0.0691422159069532,0.000111606256663444
"642",641,0.0000000000000000000000000000000000000000000000000000000000000044605298427632,0.0689860545522522,0.000111353395952577
"643",642,0.0000000000000000000000000000000000000000000000000000000000000035441853841174,0.068830224942584,0.000111101079405365
"644",643,0.00000000000000000000000000000000000000000000000000000000000000281608922701658,0.0686747266066825,0.000110849306172326
"645",644,0.00000000000000000000000000000000000000000000000000000000000000223756877110809,0.0685195590711524,0.000110598075401494
"646",645,0.00000000000000000000000000000000000000000000000000000000000000177789608276808,0.0683647218605092,0.000110347386238468
"647",646,0.0000000000000000000000000000000000000000000000000000000000000014126557904885,0.06821021449722,0.000110097237826471
"648",647,0.00000000000000000000000000000000000000000000000000000000000000112244827003256,0.0680560365017431,0.000109847629306403
"649",648,0.000000000000000000000000000000000000000000000000000000000000000891859239442477,0.0679021873925671,0.000109598559816892
"650",649,0.000000000000000000000000000000000000000000000000000000000000000708641034259726,0.06774866668625,0.000109350028494349
"651",650,0.000000000000000000000000000000000000000000000000000000000000000563062076646326,0.0675954738974572,0.00010910203447302
"652",651,0.000000000000000000000000000000000000000000000000000000000000000447389985662437,0.0674426085389996,0.000108854576885032
"653",652,0.000000000000000000000000000000000000000000000000000000000000000355480874263815,0.0672900701218706,0.000108607654860451
"654",653,0.000000000000000000000000000000000000000000000000000000000000000282453018657222,0.0671378581552836,0.000108361267527326
"655",654,0.000000000000000000000000000000000000000000000000000000000000000224427567063339,0.066985972146708,0.000108115414011741
"656",655,0.000000000000000000000000000000000000000000000000000000000000000178322515714002,0.0668344116019055,0.000107870093437863
"657",656,0.000000000000000000000000000000000000000000000000000000000000000141689009183065,0.0666831760249655,0.00010762530492799
"658",657,0.000000000000000000000000000000000000000000000000000000000000000112581270194038,0.0665322649183405,0.000107381047602599
"659",658,0.0000000000000000000000000000000000000000000000000000000000000000894532502667675,0.0663816777828803,0.000107137320580393
"660",659,0.0000000000000000000000000000000000000000000000000000000000000000710765118344942,0.0662314141178671,0.000106894122978344
"661",660,0.0000000000000000000000000000000000000000000000000000000000000000564749801655424,0.0660814734210486,0.000106651453911745
"662",661,0.0000000000000000000000000000000000000000000000000000000000000000448730994583016,0.0659318551886719,0.00010640931249425
"663",662,0.0000000000000000000000000000000000000000000000000000000000000000356546394366544,0.0657825589155164,0.000106167697837919
"664",663,0.0000000000000000000000000000000000000000000000000000000000000000283299644710111,0.0656335840949266,0.000105926609053264
"665",664,0.0000000000000000000000000000000000000000000000000000000000000000225100267345198,0.0654849302188439,0.000105686045249293
"666",665,0.0000000000000000000000000000000000000000000000000000000000000000178857020490541,0.065336596777839,0.00010544600553355
"667",666,0.0000000000000000000000000000000000000000000000000000000000000000142113708508825,0.0651885832611428,0.00010520648901216
"668",667,0.0000000000000000000000000000000000000000000000000000000000000000112918721841278,0.0650408891566781,0.00010496749478987
"669",668,0.00000000000000000000000000000000000000000000000000000000000000000897213778745075,0.0648935139510894,0.000104729021970088
"670",669,0.00000000000000000000000000000000000000000000000000000000000000000712895569170133,0.064746457129774,0.000104491069654929
"671",670,0.00000000000000000000000000000000000000000000000000000000000000000566442585459678,0.0645997181769116,0.00010425363694525
"672",671,0.0000000000000000000000000000000000000000000000000000000000000000045007602305026,0.0644532965754936,0.000104016722940695
"673",672,0.00000000000000000000000000000000000000000000000000000000000000000357615108264415,0.0643071918073526,0.000103780326739728
"674",673,0.00000000000000000000000000000000000000000000000000000000000000000284148808444053,0.0641614033531912,0.000103544447439679
"675",674,0.00000000000000000000000000000000000000000000000000000000000000000225774983982155,0.0640159306926101,0.000103309084136775
"676",675,0.000000000000000000000000000000000000000000000000000000000000000001793931273943,0.0638707733041368,0.000103074235926183
"677",676,0.0000000000000000000000000000000000000000000000000000000000000000014253968083041,0.0637259306652526,0.000102839901902047
"678",677,0.00000000000000000000000000000000000000000000000000000000000000000113257184967727,0.0635814022524207,0.000102606081157521
"679",678,0.00000000000000000000000000000000000000000000000000000000000000000089990309169244,0.0634371875411128,0.000102372772784811
"680",679,0.000000000000000000000000000000000000000000000000000000000000000000715032405818998,0.063293286005836,0.000102139975875206
"681",680,0.000000000000000000000000000000000000000000000000000000000000000000568140443222347,0.0631496971201589,0.000101907689519117
"682",681,0.000000000000000000000000000000000000000000000000000000000000000000451425083112379,0.0630064203567383,0.000101675912806108
"683",682,0.000000000000000000000000000000000000000000000000000000000000000000358687025530526,0.0628634551873443,0.000101444644824936
"684",683,0.000000000000000000000000000000000000000000000000000000000000000000285000517465503,0.0627208010828858,0.000101213884663581
"685",684,0.000000000000000000000000000000000000000000000000000000000000000000226451723018044,0.0625784575134358,0.00010098363140928
"686",685,0.000000000000000000000000000000000000000000000000000000000000000000179930841227501,0.062436423948256,0.000100753884148564
"687",686,0.000000000000000000000000000000000000000000000000000000000000000000142966929963506,0.0622946998558215,0.000100524641967286
"688",687,0.000000000000000000000000000000000000000000000000000000000000000000113596662605199,0.0621532847038444,0.000100295903950655
"689",688,0.0000000000000000000000000000000000000000000000000000000000000000000902600465599523,0.0620121779592981,0.000100067669183271
"690",689,0.0000000000000000000000000000000000000000000000000000000000000000000717175647432433,0.0618713790884409,0.0000998399367491517
"691",690,0.0000000000000000000000000000000000000000000000000000000000000000000569843390152137,0.0617308875568388,0.0000996127057317678
"692",691,0.0000000000000000000000000000000000000000000000000000000000000000000452778186853694,0.0615907028293888,0.0000993859752140715
"693",692,0.0000000000000000000000000000000000000000000000000000000000000000000359762155766666,0.0614508243703413,0.0000991597442785274
"694",693,0.000000000000000000000000000000000000000000000000000000000000000000028585477940372,0.0613112516433227,0.0000989340120071428
"695",694,0.0000000000000000000000000000000000000000000000000000000000000000000227130490514813,0.0611719841113573,0.0000987087774814971
"696",695,0.0000000000000000000000000000000000000000000000000000000000000000000180470166806762,0.0610330212368892,0.0000984840397827709
"697",696,0.0000000000000000000000000000000000000000000000000000000000000000000143395459735233,0.0608943624818038,0.000098259797991775
"698",697,0.0000000000000000000000000000000000000000000000000000000000000000000113937157794594,0.0607560073074489,0.0000980360511889789
"699",698,0.00000000000000000000000000000000000000000000000000000000000000000000905305924628283,0.0606179551746558,0.0000978127984545387
"700",699,0.00000000000000000000000000000000000000000000000000000000000000000000719325313208713,0.0604802055437601,0.0000975900388683248
"701",700,0.00000000000000000000000000000000000000000000000000000000000000000000571551441503344,0.0603427578746218,0.0000973677715099496
"702",701,0.00000000000000000000000000000000000000000000000000000000000000000000454135346394749,0.0602056116266457,0.0000971459954587941
"703",702,0.0000000000000000000000000000000000000000000000000000000000000000000036084050860341,0.0600687662588015,0.0000969247097940346
"704",703,0.00000000000000000000000000000000000000000000000000000000000000000000286711601910829,0.059932221229643,0.0000967039135946692
"705",704,0.00000000000000000000000000000000000000000000000000000000000000000000227811292552581,0.0597959759973279,0.0000964836059395435
"706",705,0.0000000000000000000000000000000000000000000000000000000000000000000018101110896314,0.0596600300196365,0.0000962637859073763
"707",706,0.00000000000000000000000000000000000000000000000000000000000000000000143825273984184,0.0595243827539912,0.000096044452576785
"708",707,0.00000000000000000000000000000000000000000000000000000000000000000000114278673585927,0.0593890336574748,0.0000958256050263101
"709",708,0.000000000000000000000000000000000000000000000000000000000000000000000908019493013105,0.0592539821868486,0.0000956072423344401
"710",709,0.000000000000000000000000000000000000000000000000000000000000000000000721481422403653,0.0591192277985713,0.0000953893635796359
"711",710,0.000000000000000000000000000000000000000000000000000000000000000000000573264612575984,0.0589847699488164,0.0000951719678403542
"712",711,0.000000000000000000000000000000000000000000000000000000000000000000000455496573892418,0.05885060809349,0.0000949550541950717
"713",712,0.000000000000000000000000000000000000000000000000000000000000000000000361922093700195,0.0587167416882486,0.000094738621722308
"714",713,0.00000000000000000000000000000000000000000000000000000000000000000000028757099266189,0.0585831701885155,0.0000945226695006486
"715",714,0.00000000000000000000000000000000000000000000000000000000000000000000022849413522969,0.058449893049499,0.0000943071966087679
"716",715,0.000000000000000000000000000000000000000000000000000000000000000000000181553672542171,0.0583169097262083,0.0000940922021254511
"717",716,0.000000000000000000000000000000000000000000000000000000000000000000000144256376560456,0.0581842196734702,0.0000938776851296167
"718",717,0.000000000000000000000000000000000000000000000000000000000000000000000114621213038355,0.0580518223459458,0.0000936636447003379
"719",718,0.0000000000000000000000000000000000000000000000000000000000000000000000910741195061011,0.0579197171981465,0.0000934500799168643
"720",719,0.0000000000000000000000000000000000000000000000000000000000000000000000723643994330789,0.0577879036844495,0.0000932369898586429
"721",720,0.0000000000000000000000000000000000000000000000000000000000000000000000574982918715935,0.0576563812591142,0.0000930243736053391
"722",721,0.0000000000000000000000000000000000000000000000000000000000000000000000456861881540014,0.0575251493762974,0.0000928122302368573
"723",722,0.0000000000000000000000000000000000000000000000000000000000000000000000363006920745413,0.0573942074900682,0.0000926005588333612
"724",723,0.0000000000000000000000000000000000000000000000000000000000000000000000288432959354972,0.0572635550544239,0.0000923893584752938
"725",724,0.0000000000000000000000000000000000000000000000000000000000000000000000229179024662763,0.0571331915233042,0.0000921786282433972
"726",725,0.0000000000000000000000000000000000000000000000000000000000000000000000182097862403914,0.0570031163506061,0.0000919683672187318
"727",726,0.0000000000000000000000000000000000000000000000000000000000000000000000144688771325688,0.0568733289901988,0.0000917585744826962
"728",727,0.0000000000000000000000000000000000000000000000000000000000000000000000114964779220206,0.0567438288959372,0.0000915492491170455
"729",728,0.00000000000000000000000000000000000000000000000000000000000000000000000913471055151883,0.0566146155216768,0.0000913403902039102
"730",729,0.00000000000000000000000000000000000000000000000000000000000000000000000725813048361545,0.0564856883212872,0.0000911319968258147
"731",730,0.00000000000000000000000000000000000000000000000000000000000000000000000576706375315074,0.0563570467486658,0.0000909240680656953
